11
11,101
41,271
11,73,101,137
11,41,271,9091
11,17,73,101,137,5882353
11,41,101,271,3541,9091,27961
41,271,21401,25601,182521213001
11,17,73,101,137,353,449,641,1409,69857,5882353
11,41,73,101,137,271,3541,9091,27961,1676321,5964848081
11,41,251,271,5051,9091,21401,25601,182521213001
11,17,73,101,137,353,449,641,1409,19841,69857,976193,5882353,6187457,834427406578561
11,17,41,73,101,137,271,3541,9091,27961,1676321,5070721,5882353,5964848081
11,41,101,251,271,3541,5051,9091,21401,25601,27961,60101,7019801,182521213001
41,271,751,21401,25601,1797655751
11,17,73,101,137,353,449,641,1409,19841,69857,976193,5882353,6187457,1265011073
11,17,41,73,101,137,271,353,449,641,1409,3541,9091,27961,69857,1634881,1676321,5070721,5882353,18453761,5964848081
11,41,73,101,137,251,271,401,1201,1601,3541,5051,9091,21401,25601,27961,60101,1676321,7019801,5964848081
11,41,251,271,751,5051,9091,21001,21401,25601,162251,1797655751
11,17,73,101,137,257,353,449,641,1409,15361,19841,69857,453377,976193,5882353,6187457,1265011073
11,17,41,73,101,137,271,353,449,641,1409,3541,9091,19841,27961,69857,976193,1634881,1676321,5070721,5882353,6187457,18453761,5964848081
11,17,41,73,101,137,251,271,401,1201,1601,3541,5051,9091,21401,25601,27961,60101,1676321,5070721,5882353,7019801,5964848081
11,41,101,251,271,751,3541,4001,5051,9091,21001,21401,25601,27961,60101,76001,162251,1610501,7019801,1797655751
11,17,41,73,101,137,251,271,353,401,449,641,751,1201,1409,1601,3541,4001,4801,5051,9091,16001,21001,21401,24001,25601,27961,37501,43201,60101,69857,76001,160001,162251,544001,670001,952001,980801,1378001,1610501,1634881,1676321,5070721,5882353,6600001,7019801,12600001,18453761,21408001,130290001,188080001,245832001,421144001,532525001,756100001,1797655751
11,17,41,73,101,137,251,271,401,751,1201,1601,3541,4001,5051,9091,16001,21001,21401,24001,25601,27961,37501,60101,76001,160001,162251,670001,952001,1378001,1610501,1676321,5070721,5882353,6600001,7019801,21408001,130290001,421144001,532525001,756100001