1 0
2 1
3 2
4 2
5 3
6 3
7 4
8 3
9 4
10 4
11 5
12 4
13 5
14 5
15 5
16 4
17 5
18 5
19 6
20 5
21 6
22 6
23 6
24 5
25 6
26 6
27 6
28 6
29 7
30 6
31 7
32 5
33 6
34 6
35 7
36 6
37 7
38 7
39 7
40 6
41 7
42 7
43 7
44 7
45 7
46 7
47 8
48 6
49 7
50 7
51 7
52 7
53 8
54 7
55 8
56 7
57 8
58 8
59 8
60 7
61 8
62 8
63 8
64 6
65 7
66 7
67 8
68 7
69 8
70 8
71 9
72 7
73 8
74 8
75 8
76 8
77 8
78 8
79 9
80 7
81 8
82 8
83 8
84 8
85 8
86 8
87 9
88 8
89 9
90 8
91 9
92 8
93 9
94 9
95 9
96 7
97 8
98 8
99 8
100 8
101 9
102 8
103 9
104 8
105 9
106 9
107 9
108 8
109 9
110 9
111 9
112 8
113 9
114 9
115 9
116 9
117 9
118 9
119 9
120 8
121 9
122 9
123 9
124 9
125 9
126 9
127 10
128 7
129 8
130 8
131 9
132 8
133 9
134 9
135 9
136 8
137 9
138 9
139 10
140 9
141 10
142 10
143 10
144 8
145 9
146 9
147 9
148 9
149 9
150 9
151 10
152 9
153 9
154 9
155 10
156 9
157 10
158 10
159 10
160 8
161 9
162 9
163 9
164 9
165 9
166 9
167 10
168 9
169 10
170 9
171 10
172 9
173 10
174 10
175 10
176 9
177 10
178 10
179 10
180 9
181 10
182 10
183 10
184 9
185 10
186 10
187 10
188 10
189 10
190 10
191 11
192 8
193 9
194 9
195 9
196 9
197 10
198 9
199 10
200 9
201 10
202 10
203 10
204 9
205 10
206 10
207 10
208 9
209 10
210 10
211 10
212 10
213 10
214 10
215 10
216 9
217 10
218 10
219 10
220 10
221 10
222 10
223 11
224 9
225 10
226 10
227 10
228 10
229 10
230 10
231 10
232 10
233 10
234 10
235 11
236 10
237 11
238 10
239 11
240 9
241 10
242 10
243 10
244 10
245 10
246 10
247 11
248 10
249 10
250 10
251 11
252 10
253 11
254 11
255 10
256 8
257 9
258 9
259 10
260 9
261 10
262 10
263 11
264 9
265 10
266 10
267 11
268 10
269 11
270 10
271 11
272 9
273 10
274 10
275 11
276 10
277 11
278 11
279 11
280 10
281 10
282 11
283 11
284 11
285 11
286 11
287 11
288 9
289 10
290 10
291 10
292 10
293 10
294 10
295 11
296 10
297 10
298 10
299 11
300 10
301 11
302 11
303 11
304 10
305 11
306 10
307 11
308 10
309 11
310 11
311 11
312 10
313 11
314 11
315 11
316 11
317 11
318 11
319 11
320 9
321 10
322 10
323 10
324 10
325 10
326 10
327 11
328 10
329 11
330 10
331 11
332 10
333 11
334 11
335 11
336 10
337 11
338 11
339 11
340 10
341 11
342 11
343 11
344 10
345 11
346 11
347 11
348 11
349 11
350 11
351 11
352 10
353 11
354 11
355 11
356 11
357 11
358 11
359 11
360 10
361 11
362 11
363 11
364 11
365 11
366 11
367 11
368 10
369 11
370 11
371 11
372 11
373 11
374 11
375 11
376 11
377 11
378 11
379 12
380 11
381 11
382 11
383 12
384 9
385 10
386 10
387 10
388 10
389 11
390 10
391 11
392 10
393 11
394 11
395 11
396 10
397 11
398 11
399 11
400 10
401 11
402 11
403 11
404 11
405 11
406 11
407 12
408 10
409 11
410 11
411 11
412 11
413 11
414 11
415 11
416 10
417 11
418 11
419 11
420 11
421 11
422 11
423 11
424 11
425 11
426 11
427 12
428 11
429 11
430 11
431 12
432 10
433 11
434 11
435 11
436 11
437 11
438 11
439 12
440 11
441 11
442 11
443 12
444 11
445 12
446 12
447 11
448 10
449 11
450 11
451 11
452 11
453 11
454 11
455 11
456 11
457 11
458 11
459 11
460 11
461 12
462 11
463 12
464 11
465 12
466 11
467 12
468 11
469 12
470 12
471 12
472 11
473 12
474 12
475 12
476 11
477 12
478 12
479 12
480 10
481 11
482 11
483 11
484 11
485 11
486 11
487 12
488 11
489 11
490 11
491 12
492 11
493 12
494 12
495 11
496 11
497 12
498 11
499 12
500 11
501 12
502 12
503 12
504 11
505 12
506 12
507 12
508 12
509 12
510 11
511 12
512 9
513 10
514 10
515 11
516 10
517 11
518 11
519 12
520 10
521 11
522 11
523 12
524 11
525 12
526 12
527 12
528 10
529 11
530 11
531 12
532 11
533 12
534 12
535 12
536 11
537 12
538 12
539 12
540 11
541 12
542 12
543 12
544 10
545 11
546 11
547 12
548 11
549 12
550 12
551 12
552 11
553 11
554 12
555 12
556 12
557 12
558 12
559 12
560 11
561 11
562 11
563 12
564 12
565 12
566 12
567 12
568 12
569 12
570 12
571 12
572 12
573 12
574 12
575 12
576 10
577 11
578 11
579 11
580 11
581 11
582 11
583 12
584 11
585 11
586 11
587 12
588 11
589 12
590 12
591 12
592 11
593 12
594 11
595 12
596 11
597 12
598 12
599 12
600 11
601 12
602 12
603 12
604 12
605 12
606 12
607 13
608 11
609 12
610 12
611 12
612 11
613 12
614 12
615 12
616 11
617 12
618 12
619 12
620 12
621 12
622 12
623 12
624 11
625 12
626 12
627 12
628 12
629 12
630 12
631 12
632 12
633 12
634 12
635 13
636 12
637 12
638 12
639 12
640 10
641 11
642 11
643 11
644 11
645 11
646 11
647 12
648 11
649 12
650 11
651 12
652 11
653 12
654 12
655 12
656 11
657 12
658 12
659 12
660 11
661 12
662 12
663 12
664 11
665 12
666 12
667 12
668 12
669 12
670 12
671 13
672 11
673 12
674 12
675 12
676 12
677 12
678 12
679 12
680 11
681 12
682 12
683 12
684 12
685 12
686 12
687 12
688 11
689 12
690 12
691 12
692 12
693 12
694 12
695 13
696 12
697 12
698 12
699 12
700 12
701 13
702 12
703 13
704 11
705 12
706 12
707 12
708 12
709 12
710 12
711 12
712 12
713 12
714 12
715 12
716 12
717 12
718 12
719 13
720 11
721 12
722 12
723 12
724 12
725 12
726 12
727 13
728 12
729 12
730 12
731 12
732 12
733 13
734 12
735 12
736 11
737 12
738 12
739 12
740 12
741 12
742 12
743 13
744 12
745 12
746 12
747 12
748 12
749 12
750 12
751 13
752 12
753 13
754 12
755 13
756 12
757 13
758 13
759 12
760 12
761 13
762 12
763 13
764 12
765 12
766 13
767 13
768 10
769 11
770 11
771 11
772 11
773 12
774 11
775 12
776 11
777 12
778 12
779 12
780 11
781 12
782 12
783 12
784 11
785 12
786 12
787 12
788 12
789 13
790 12
791 13
792 11
793 12
794 12
795 12
796 12
797 13
798 12
799 13
800 11
801 12
802 12
803 12
804 12
805 12
806 12
807 13
808 12
809 12
810 12
811 13
812 12
813 12
814 13
815 12
816 11
817 12
818 12
819 12
820 12
821 13
822 12
823 13
824 12
825 12
826 12
827 13
828 12
829 13
830 12
831 13
832 11
833 12
834 12
835 12
836 12
837 12
838 12
839 12
840 12
841 12
842 12
843 12
844 12
845 12
846 12
847 13
848 12
849 12
850 12
851 13
852 12
853 13
854 13
855 13
856 12
857 13
858 12
859 13
860 12
861 13
862 13
863 13
864 11
865 12
866 12
867 12
868 12
869 12
870 12
871 13
872 12
873 12
874 12
875 13
876 12
877 13
878 13
879 12
880 12
881 13
882 12
883 13
884 12
885 13
886 13
887 13
888 12
889 13
890 13
891 12
892 13
893 13
894 12
895 13
896 11
897 12
898 12
899 12
900 12
901 12
902 12
903 12
904 12
905 12
906 12
907 13
908 12
909 13
910 12
911 13
912 12
913 13
914 12
915 13
916 12
917 13
918 12
919 13
920 12
921 13
922 13
923 13
924 12
925 13
926 13
927 13
928 12
929 13
930 13
931 13
932 12
933 13
934 13
935 13
936 12
937 13
938 13
939 13
940 13
941 13
942 13
943 13
944 12
945 13
946 13
947 13
948 13
949 13
950 13
951 13
952 12
953 13
954 13
955 13
956 13
957 13
958 13
959 13
960 11
961 12
962 12
963 12
964 12
965 12
966 12
967 13
968 12
969 12
970 12
971 13
972 12
973 13
974 13
975 12
976 12
977 13
978 12
979 13
980 12
981 13
982 13
983 13
984 12
985 13
986 13
987 13
988 13
989 13
990 12
991 13
992 12
993 13
994 13
995 13
996 12
997 13
998 13
999 13
1000 12
1001 13
1002 13
1003 13
1004 13
1005 13
1006 13
1007 13
1008 12
1009 13
1010 13
1011 13
1012 13
1013 13
1014 13
1015 13
1016 13
1017 13
1018 13
1019 13
1020 12
1021 13
1022 13
1023 13
1024 10
1025 11
1026 11
1027 12
1028 11
1029 12
1030 12
1031 13
1032 11
1033 12
1034 12
1035 13
1036 12
1037 13
1038 13
1039 13
1040 11
1041 12
1042 12
1043 13
1044 12
1045 13
1046 13
1047 13
1048 12
1049 13
1050 13
1051 13
1052 13
1053 13
1054 13
1055 13
1056 11
1057 12
1058 12
1059 13
1060 12
1061 13
1062 13
1063 13
1064 12
1065 13
1066 13
1067 13
1068 13
1069 13
1070 13
1071 13
1072 12
1073 12
1074 13
1075 13
1076 13
1077 13
1078 13
1079 13
1080 12
1081 13
1082 13
1083 13
1084 13
1085 13
1086 13
1087 14
1088 11
1089 12
1090 12
1091 13
1092 12
1093 13
1094 13
1095 13
1096 12
1097 12
1098 13
1099 13
1100 13
1101 13
1102 13
1103 13
1104 12
1105 12
1106 12
1107 13
1108 13
1109 13
1110 13
1111 14
1112 13
1113 13
1114 13
1115 13
1116 13
1117 13
1118 13
1119 13
1120 12
1121 13
1122 12
1123 13
1124 12
1125 13
1126 13
1127 13
1128 13
1129 13
1130 13
1131 13
1132 13
1133 13
1134 13
1135 13
1136 13
1137 13
1138 13
1139 13
1140 13
1141 13
1142 13
1143 13
1144 13
1145 13
1146 13
1147 13
1148 13
1149 14
1150 13
1151 14
1152 11
1153 12
1154 12
1155 12
1156 12
1157 12
1158 12
1159 13
1160 12
1161 12
1162 12
1163 13
1164 12
1165 13
1166 13
1167 13
1168 12
1169 13
1170 12
1171 13
1172 12
1173 13
1174 13
1175 13
1176 12
1177 13
1178 13
1179 13
1180 13
1181 13
1182 13
1183 14
1184 12
1185 13
1186 13
1187 13
1188 12
1189 13
1190 13
1191 13
1192 12
1193 13
1194 13
1195 14
1196 13
1197 13
1198 13
1199 14
1200 12
1201 13
1202 13
1203 13
1204 13
1205 13
1206 13
1207 13
1208 13
1209 13
1210 13
1211 14
1212 13
1213 13
1214 14
1215 13
1216 12
1217 13
1218 13
1219 13
1220 13
1221 13
1222 13
1223 13
1224 12
1225 13
1226 13
1227 13
1228 13
1229 13
1230 13
1231 13
1232 12
1233 13
1234 13
1235 13
1236 13
1237 13
1238 13
1239 13
1240 13
1241 13
1242 13
1243 14
1244 13
1245 13
1246 13
1247 14
1248 12
1249 13
1250 13
1251 13
1252 13
1253 13
1254 13
1255 13
1256 13
1257 13
1258 13
1259 14
1260 13
1261 13
1262 13
1263 13
1264 13
1265 13
1266 13
1267 14
1268 13
1269 13
1270 14
1271 14
1272 13
1273 13
1274 13
1275 13
1276 13
1277 14
1278 13
1279 14
1280 11
1281 12
1282 12
1283 12
1284 12
1285 12
1286 12
1287 13
1288 12
1289 13
1290 12
1291 13
1292 12
1293 13
1294 13
1295 13
1296 12
1297 13
1298 13
1299 13
1300 12
1301 13
1302 13
1303 13
1304 12
1305 13
1306 13
1307 13
1308 13
1309 13
1310 13
1311 13
1312 12
1313 13
1314 13
1315 13
1316 13
1317 13
1318 13
1319 14
1320 12
1321 13
1322 13
1323 13
1324 13
1325 13
1326 13
1327 14
1328 12
1329 13
1330 13
1331 13
1332 13
1333 13
1334 13
1335 13
1336 13
1337 13
1338 13
1339 14
1340 13
1341 13
1342 14
1343 14
1344 12
1345 13
1346 13
1347 13
1348 13
1349 13
1350 13
1351 13
1352 13
1353 13
1354 13
1355 13
1356 13
1357 13
1358 13
1359 13
1360 12
1361 13
1362 13
1363 13
1364 13
1365 13
1366 13
1367 14
1368 13
1369 13
1370 13
1371 13
1372 13
1373 14
1374 13
1375 14
1376 12
1377 13
1378 13
1379 13
1380 13
1381 13
1382 13
1383 14
1384 13
1385 13
1386 13
1387 13
1388 13
1389 14
1390 14
1391 14
1392 13
1393 13
1394 13
1395 14
1396 13
1397 14
1398 13
1399 13
1400 13
1401 14
1402 13
1403 14
1404 13
1405 13
1406 14
1407 14
1408 12
1409 13
1410 13
1411 13
1412 13
1413 13
1414 13
1415 13
1416 13
1417 13
1418 13
1419 13
1420 13
1421 13
1422 13
1423 14
1424 13
1425 14
1426 13
1427 14
1428 13
1429 14
1430 13
1431 14
1432 13
1433 14
1434 13
1435 14
1436 13
1437 14
1438 14
1439 14
1440 12
1441 13
1442 13
1443 13
1444 13
1445 13
1446 13
1447 14
1448 13
1449 13
1450 13
1451 14
1452 13
1453 14
1454 14
1455 13
1456 13
1457 14
1458 13
1459 14
1460 13
1461 14
1462 13
1463 14
1464 13
1465 13
1466 14
1467 13
1468 13
1469 14
1470 13
1471 14
1472 12
1473 13
1474 13
1475 13
1476 13
1477 13
1478 13
1479 14
1480 13
1481 13
1482 13
1483 14
1484 13
1485 13
1486 13
1487 14
1488 13
1489 14
1490 13
1491 14
1492 13
1493 14
1494 13
1495 13
1496 13
1497 14
1498 13
1499 14
1500 13
1501 14
1502 14
1503 14
1504 13
1505 14
1506 14
1507 14
1508 13
1509 14
1510 14
1511 14
1512 13
1513 14
1514 14
1515 14
1516 14
1517 14
1518 13
1519 14
1520 13
1521 14
1522 14
1523 14
1524 13
1525 14
1526 14
1527 14
1528 13
1529 14
1530 13
1531 14
1532 14
1533 14
1534 14
1535 14
1536 11
1537 12
1538 12
1539 12
1540 12
1541 13
1542 12
1543 13
1544 12
1545 13
1546 13
1547 13
1548 12
1549 13
1550 13
1551 13
1552 12
1553 13
1554 13
1555 13
1556 13
1557 14
1558 13
1559 14
1560 12
1561 13
1562 13
1563 13
1564 13
1565 14
1566 13
1567 14
1568 12
1569 13
1570 13
1571 13
1572 13
1573 14
1574 13
1575 14
1576 13
1577 14
1578 14
1579 14
1580 13
1581 14
1582 14
1583 14
1584 12
1585 13
1586 13
1587 13
1588 13
1589 14
1590 13
1591 14
1592 13
1593 13
1594 14
1595 14
1596 13
1597 14
1598 14
1599 14
1600 12
1601 13
1602 13
1603 13
1604 13
1605 13
1606 13
1607 14
1608 13
1609 13
1610 13
1611 14
1612 13
1613 13
1614 14
1615 13
1616 13
1617 13
1618 13
1619 14
1620 13
1621 14
1622 14
1623 14
1624 13
1625 13
1626 13
1627 14
1628 14
1629 14
1630 13
1631 14
1632 12
1633 13
1634 13
1635 13
1636 13
1637 14
1638 13
1639 14
1640 13
1641 13
1642 14
1643 14
1644 13
1645 14
1646 14
1647 14
1648 13
1649 13
1650 13
1651 14
1652 13
1653 14
1654 14
1655 14
1656 13
1657 14
1658 14
1659 13
1660 13
1661 14
1662 14
1663 14
1664 12
1665 13
1666 13
1667 13
1668 13
1669 13
1670 13
1671 13
1672 13
1673 13
1674 13
1675 14
1676 13
1677 13
1678 13
1679 14
1680 13
1681 13
1682 13
1683 13
1684 13
1685 14
1686 13
1687 14
1688 13
1689 14
1690 13
1691 14
1692 13
1693 14
1694 14
1695 14
1696 13
1697 14
1698 13
1699 14
1700 13
1701 14
1702 14
1703 14
1704 13
1705 14
1706 14
1707 14
1708 14
1709 14
1710 14
1711 14
1712 13
1713 14
1714 14
1715 14
1716 13
1717 14
1718 14
1719 14
1720 13
1721 14
1722 14
1723 14
1724 14
1725 14
1726 14
1727 14
1728 12
1729 13
1730 13
1731 13
1732 13
1733 13
1734 13
1735 14
1736 13
1737 13
1738 13
1739 14
1740 13
1741 14
1742 14
1743 13
1744 13
1745 14
1746 13
1747 14
1748 13
1749 14
1750 14
1751 14
1752 13
1753 14
1754 14
1755 13
1756 14
1757 14
1758 13
1759 14
1760 13
1761 14
1762 14
1763 14
1764 13
1765 14
1766 14
1767 14
1768 13
1769 14
1770 14
1771 14
1772 14
1773 14
1774 14
1775 14
1776 13
1777 14
1778 14
1779 14
1780 14
1781 14
1782 13
1783 14
1784 14
1785 14
1786 14
1787 14
1788 13
1789 14
1790 14
1791 14
1792 12
1793 13
1794 13
1795 13
1796 13
1797 13
1798 13
1799 13
1800 13
1801 13
1802 13
1803 14
1804 13
1805 14
1806 13
1807 14
1808 13
1809 14
1810 13
1811 14
1812 13
1813 14
1814 14
1815 14
1816 13
1817 14
1818 14
1819 14
1820 13
1821 14
1822 14
1823 14
1824 13
1825 14
1826 14
1827 14
1828 13
1829 14
1830 14
1831 14
1832 13
1833 14
1834 14
1835 14
1836 13
1837 14
1838 14
1839 14
1840 13
1841 14
1842 14
1843 14
1844 14
1845 14
1846 14
1847 14
1848 13
1849 14
1850 14
1851 14
1852 14
1853 14
1854 14
1855 14
1856 13
1857 14
1858 14
1859 14
1860 14
1861 14
1862 14
1863 14
1864 13
1865 14
1866 14
1867 14
1868 14
1869 14
1870 14
1871 14
1872 13
1873 14
1874 14
1875 14
1876 14
1877 14
1878 14
1879 14
1880 14
1881 14
1882 14
1883 14
1884 14
1885 14
1886 14
1887 14
1888 13
1889 14
1890 14
1891 14
1892 14
1893 14
1894 14
1895 14
1896 14
1897 14
1898 14
1899 14
1900 14
1901 14
1902 14
1903 15
1904 13
1905 14
1906 14
1907 14
1908 14
1909 14
1910 14
1911 14
1912 14
1913 14
1914 14
1915 14
1916 14
1917 14
1918 14
1919 14
1920 12
1921 13
1922 13
1923 13
1924 13
1925 13
1926 13
1927 14
1928 13
1929 13
1930 13
1931 14
1932 13
1933 14
1934 14
1935 13
1936 13
1937 14
1938 13
1939 14
1940 13
1941 14
1942 14
1943 14
1944 13
1945 14
1946 14
1947 14
1948 14
1949 14
1950 13
1951 14
1952 13
1953 14
1954 14
1955 14
1956 13
1957 14
1958 14
1959 14
1960 13
1961 14
1962 14
1963 14
1964 14
1965 14
1966 14
1967 14
1968 13
1969 14
1970 14
1971 14
1972 14
1973 14
1974 14
1975 14
1976 14
1977 14
1978 14
1979 15
1980 13
1981 14
1982 14
1983 14
1984 13
1985 14
1986 14
1987 14
1988 14
1989 14
1990 14
1991 14
1992 13
1993 14
1994 14
1995 14
1996 14
1997 14
1998 14
1999 14
2000 13
2001 14
2002 14
2003 14
2004 14
2005 14
2006 14
2007 14
2008 14
2009 14
2010 14
2011 14
2012 14
2013 14
2014 14
2015 14
2016 13
2017 14
2018 14
2019 14
2020 14
2021 14
2022 14
2023 14
2024 14
2025 14
2026 14
2027 14
2028 14
2029 14
2030 14
2031 14
2032 14
2033 14
2034 14
2035 14
2036 14
2037 14
2038 14
2039 14
2040 13
2041 14
2042 14
2043 14
2044 14
2045 14
2046 14
2047 15
2048 11
2049 12
2050 12
2051 13
2052 12
2053 13
2054 13
2055 14
2056 12
2057 13
2058 13
2059 14
2060 13
2061 14
2062 14
2063 14
2064 12
2065 13
2066 13
2067 14
2068 13
2069 14
2070 14
2071 14
2072 13
2073 14
2074 14
2075 14
2076 14
2077 14
2078 14
2079 14
2080 12
2081 13
2082 13
2083 14
2084 13
2085 14
2086 14
2087 14
2088 13
2089 14
2090 14
2091 14
2092 14
2093 14
2094 14
2095 14
2096 13
2097 14
2098 14
2099 14
2100 14
2101 14
2102 14
2103 15
2104 14
2105 14
2106 14
2107 14
2108 14
2109 15
2110 14
2111 15
2112 12
2113 13
2114 13
2115 14
2116 13
2117 14
2118 14
2119 14
2120 13
2121 14
2122 14
2123 14
2124 14
2125 14
2126 14
2127 14
2128 13
2129 13
2130 14
2131 14
2132 14
2133 14
2134 14
2135 14
2136 14
2137 14
2138 14
2139 14
2140 14
2141 15
2142 14
2143 15
2144 13
2145 13
2146 13
2147 14
2148 14
2149 14
2150 14
2151 14
2152 14
2153 14
2154 14
2155 14
2156 14
2157 15
2158 14
2159 15
2160 13
2161 14
2162 14
2163 14
2164 14
2165 14
2166 14
2167 15
2168 14
2169 14
2170 14
2171 15
2172 14
2173 15
2174 15
2175 14
2176 12
2177 13
2178 13
2179 14
2180 13
2181 14
2182 14
2183 14
2184 13
2185 13
2186 14
2187 14
2188 14
2189 14
2190 14
2191 14
2192 13
2193 13
2194 13
2195 14
2196 14
2197 14
2198 14
2199 15
2200 14
2201 14
2202 14
2203 14
2204 14
2205 14
2206 14
2207 15
2208 13
2209 14
2210 13
2211 14
2212 13
2213 14
2214 14
2215 15
2216 14
2217 14
2218 14
2219 14
2220 14
2221 14
2222 14
2223 14
2224 14
2225 14
2226 14
2227 14
2228 14
2229 14
2230 14
2231 14
2232 14
2233 15
2234 14
2235 14
2236 14
2237 15
2238 14
2239 15
2240 13
2241 14
2242 14
2243 14
2244 13
2245 14
2246 14
2247 14
2248 13
2249 14
2250 14
2251 14
2252 14
2253 14
2254 14
2255 14
2256 14
2257 14
2258 14
2259 14
2260 14
2261 14
2262 14
2263 15
2264 14
2265 14
2266 14
2267 14
2268 14
2269 15
2270 14
2271 15
2272 14
2273 14
2274 14
2275 14
2276 14
2277 14
2278 14
2279 15
2280 14
2281 14
2282 14
2283 15
2284 14
2285 14
2286 14
2287 15
2288 14
2289 15
2290 14
2291 15
2292 14
2293 15
2294 14
2295 14
2296 14
2297 15
2298 15
2299 15
2300 14
2301 15
2302 15
2303 15
2304 12
2305 13
2306 13
2307 13
2308 13
2309 13
2310 13
2311 14
2312 13
2313 13
2314 13
2315 14
2316 13
2317 14
2318 14
2319 14
2320 13
2321 14
2322 13
2323 14
2324 13
2325 14
2326 14
2327 14
2328 13
2329 14
2330 14
2331 14
2332 14
2333 14
2334 14
2335 15
2336 13
2337 14
2338 14
2339 14
2340 13
2341 14
2342 14
2343 14
2344 13
2345 14
2346 14
2347 15
2348 14
2349 14
2350 14
2351 15
2352 13
2353 14
2354 14
2355 14
2356 14
2357 15
2358 14
2359 15
2360 14
2361 14
2362 14
2363 15
2364 14
2365 15
2366 15
2367 15
2368 13
2369 14
2370 14
2371 14
2372 14
2373 14
2374 14
2375 15
2376 13
2377 14
2378 14
2379 14
2380 14
2381 14
2382 14
2383 15
2384 13
2385 14
2386 14
2387 14
2388 14
2389 14
2390 15
2391 14
2392 14
2393 14
2394 14
2395 15
2396 14
2397 14
2398 15
2399 15
2400 13
2401 14
2402 14
2403 14
2404 14
2405 14
2406 14
2407 15
2408 14
2409 14
2410 14
2411 15
2412 14
2413 14
2414 14
2415 14
2416 14
2417 14
2418 14
2419 15
2420 14
2421 15
2422 15
2423 15
2424 14
2425 14
2426 14
2427 14
2428 15
2429 15
2430 14
2431 15
2432 13
2433 14
2434 14
2435 14
2436 14
2437 14
2438 14
2439 14
2440 14
2441 14
2442 14
2443 14
2444 14
2445 14
2446 14
2447 14
2448 13
2449 14
2450 14
2451 14
2452 14
2453 14
2454 14
2455 15
2456 14
2457 14
2458 14
2459 15
2460 14
2461 14
2462 14
2463 15
2464 13
2465 14
2466 14
2467 14
2468 14
2469 14
2470 14
2471 15
2472 14
2473 14
2474 14
2475 14
2476 14
2477 15
2478 14
2479 15
2480 14
2481 14
2482 14
2483 15
2484 14
2485 15
2486 15
2487 15
2488 14
2489 15
2490 14
2491 15
2492 14
2493 14
2494 15
2495 15
2496 13
2497 14
2498 14
2499 14
2500 14
2501 14
2502 14
2503 14
2504 14
2505 14
2506 14
2507 14
2508 14
2509 14
2510 14
2511 14
2512 14
2513 14
2514 14
2515 15
2516 14
2517 14
2518 15
2519 15
2520 14
2521 15
2522 14
2523 14
2524 14
2525 15
2526 14
2527 15
2528 14
2529 14
2530 14
2531 15
2532 14
2533 14
2534 15
2535 14
2536 14
2537 15
2538 14
2539 15
2540 15
2541 14
2542 15
2543 15
2544 14
2545 15
2546 14
2547 14
2548 14
2549 15
2550 14
2551 15
2552 14
2553 15
2554 15
2555 15
2556 14
2557 15
2558 15
2559 15
2560 12
2561 13
2562 13
2563 13
2564 13
2565 13
2566 13
2567 14
2568 13
2569 14
2570 13
2571 14
2572 13
2573 14
2574 14
2575 14
2576 13
2577 14
2578 14
2579 14
2580 13
2581 14
2582 14
2583 14
2584 13
2585 14
2586 14
2587 14
2588 14
2589 14
2590 14
2591 15
2592 13
2593 14
2594 14
2595 14
2596 14
2597 14
2598 14
2599 15
2600 13
2601 14
2602 14
2603 14
2604 14
2605 14
2606 14
2607 14
2608 13
2609 14
2610 14
2611 14
2612 14
2613 14
2614 14
2615 15
2616 14
2617 14
2618 14
2619 14
2620 14
2621 15
2622 14
2623 15
2624 13
2625 14
2626 14
2627 14
2628 14
2629 14
2630 14
2631 15
2632 14
2633 14
2634 14
2635 15
2636 14
2637 14
2638 15
2639 15
2640 13
2641 14
2642 14
2643 14
2644 14
2645 14
2646 14
2647 14
2648 14
2649 14
2650 14
2651 15
2652 14
2653 15
2654 15
2655 15
2656 13
2657 14
2658 14
2659 14
2660 14
2661 14
2662 14
2663 15
2664 14
2665 14
2666 14
2667 15
2668 14
2669 15
2670 14
2671 15
2672 14
2673 14
2674 14
2675 15
2676 14
2677 15
2678 15
2679 15
2680 14
2681 15
2682 14
2683 15
2684 15
2685 15
2686 15
2687 15
2688 13
2689 14
2690 14
2691 14
2692 14
2693 14
2694 14
2695 14
2696 14
2697 14
2698 14
2699 14
2700 14
2701 14
2702 14
2703 14
2704 14
2705 14
2706 14
2707 15
2708 14
2709 14
2710 14
2711 15
2712 14
2713 14
2714 14
2715 14
2716 14
2717 15
2718 14
2719 15
2720 13
2721 14
2722 14
2723 14
2724 14
2725 14
2726 14
2727 15
2728 14
2729 14
2730 14
2731 15
2732 14
2733 15
2734 15
2735 15
2736 14
2737 14
2738 14
2739 14
2740 14
2741 15
2742 14
2743 15
2744 14
2745 15
2746 15
2747 14
2748 14
2749 15
2750 15
2751 15
2752 13
2753 14
2754 14
2755 14
2756 14
2757 14
2758 14
2759 15
2760 14
2761 14
2762 14
2763 15
2764 14
2765 14
2766 15
2767 15
2768 14
2769 14
2770 14
2771 14
2772 14
2773 15
2774 14
2775 14
2776 14
2777 15
2778 14
2779 15
2780 15
2781 15
2782 15
2783 15
2784 14
2785 15
2786 14
2787 15
2788 14
2789 15
2790 15
2791 15
2792 14
2793 15
2794 15
2795 14
2796 14
2797 15
2798 14
2799 15
2800 14
2801 15
2802 15
2803 15
2804 14
2805 14
2806 15
2807 15
2808 14
2809 15
2810 14
2811 15
2812 15
2813 15
2814 15
2815 15
2816 13
2817 14
2818 14
2819 14
2820 14
2821 14
2822 14
2823 14
2824 14
2825 14
2826 14
2827 14
2828 14
2829 14
2830 14
2831 15
2832 14
2833 15
2834 14
2835 15
2836 14
2837 15
2838 14
2839 15
2840 14
2841 15
2842 14
2843 15
2844 14
2845 15
2846 15
2847 15
2848 14
2849 15
2850 15
2851 15
2852 14
2853 15
2854 15
2855 15
2856 14
2857 15
2858 15
2859 15
2860 14
2861 15
2862 15
2863 15
2864 14
2865 15
2866 15
2867 15
2868 14
2869 15
2870 15
2871 15
2872 14
2873 15
2874 15
2875 15
2876 15
2877 15
2878 15
2879 15
2880 13
2881 14
2882 14
2883 14
2884 14
2885 14
2886 14
2887 15
2888 14
2889 14
2890 14
2891 15
2892 14
2893 15
2894 15
2895 14
2896 14
2897 15
2898 14
2899 15
2900 14
2901 15
2902 15
2903 15
2904 14
2905 14
2906 15
2907 14
2908 15
2909 15
2910 14
2911 15
2912 14
2913 15
2914 15
2915 15
2916 14
2917 15
2918 15
2919 15
2920 14
2921 15
2922 15
2923 15
2924 14
2925 14
2926 15
2927 15
2928 14
2929 15
2930 14
2931 15
2932 15
2933 15
2934 14
2935 15
2936 14
2937 15
2938 15
2939 15
2940 14
2941 15
2942 15
2943 15
2944 13
2945 14
2946 14
2947 14
2948 14
2949 14
2950 14
2951 15
2952 14
2953 14
2954 14
2955 15
2956 14
2957 14
2958 14
2959 15
2960 14
2961 15
2962 14
2963 15
2964 14
2965 15
2966 15
2967 14
2968 14
2969 15
2970 14
2971 15
2972 14
2973 15
2974 15
2975 15
2976 14
2977 15
2978 15
2979 15
2980 14
2981 15
2982 15
2983 15
2984 14
2985 15
2986 15
2987 15
2988 14
2989 15
2990 14
2991 15
2992 14
2993 15
2994 15
2995 15
2996 14
2997 15
2998 15
2999 15
3000 14
3001 15
3002 15
3003 15
3004 15
3005 15
3006 15
3007 15
3008 14
3009 15
3010 15
3011 15
3012 15
3013 15
3014 15
3015 15
3016 14
3017 15
3018 15
3019 15
3020 15
3021 15
3022 15
3023 15
3024 14
3025 15
3026 15
3027 15
3028 15
3029 15
3030 15
3031 15
3032 15
3033 15
3034 15
3035 15
3036 14
3037 15
3038 15
3039 15
3040 14
3041 15
3042 15
3043 15
3044 15
3045 15
3046 15
3047 15
3048 14
3049 15
3050 15
3051 15
3052 15
3053 15
3054 15
3055 15
3056 14
3057 15
3058 15
3059 15
3060 14
3061 15
3062 15
3063 15
3064 15
3065 15
3066 15
3067 15
3068 15
3069 15
3070 15
3071 15
3072 12
3073 13
3074 13
3075 13
3076 13
3077 14
3078 13
3079 14
3080 13
3081 14
3082 14
3083 14
3084 13
3085 14
3086 14
3087 14
3088 13
3089 14
3090 14
3091 14
3092 14
3093 15
3094 14
3095 15
3096 13
3097 14
3098 14
3099 14
3100 14
3101 15
3102 14
3103 15
3104 13
3105 14
3106 14
3107 14
3108 14
3109 15
3110 14
3111 15
3112 14
3113 15
3114 15
3115 15
3116 14
3117 15
3118 15
3119 15
3120 13
3121 14
3122 14
3123 14
3124 14
3125 15
3126 14
3127 15
3128 14
3129 15
3130 15
3131 15
3132 14
3133 15
3134 15
3135 15
3136 13
3137 14
3138 14
3139 14
3140 14
3141 15
3142 14
3143 15
3144 14
3145 15
3146 15
3147 15
3148 14
3149 15
3150 15
3151 15
3152 14
3153 14
3154 15
3155 15
3156 15
3157 15
3158 15
3159 15
3160 14
3161 14
3162 15
3163 15
3164 15
3165 15
3166 15
3167 15
3168 13
3169 14
3170 14
3171 14
3172 14
3173 15
3174 14
3175 15
3176 14
3177 15
3178 15
3179 15
3180 14
3181 15
3182 15
3183 15
3184 14
3185 14
3186 14
3187 15
3188 15
3189 15
3190 15
3191 15
3192 14
3193 15
3194 15
3195 15
3196 15
3197 15
3198 15
3199 15
3200 13
3201 14
3202 14
3203 14
3204 14
3205 14
3206 14
3207 15
3208 14
3209 14
3210 14
3211 15
3212 14
3213 14
3214 15
3215 14
3216 14
3217 14
3218 14
3219 14
3220 14
3221 15
3222 15
3223 15
3224 14
3225 14
3226 14
3227 15
3228 15
3229 15
3230 14
3231 15
3232 14
3233 14
3234 14
3235 15
3236 14
3237 15
3238 15
3239 15
3240 14
3241 15
3242 15
3243 15
3244 15
3245 15
3246 15
3247 15
3248 14
3249 15
3250 14
3251 15
3252 14
3253 15
3254 15
3255 15
3256 15
3257 15
3258 15
3259 15
3260 14
3261 15
3262 15
3263 15
3264 13
3265 14
3266 14
3267 14
3268 14
3269 15
3270 14
3271 15
3272 14
3273 14
3274 15
3275 15
3276 14
3277 15
3278 15
3279 15
3280 14
3281 14
3282 14
3283 15
3284 15
3285 15
3286 15
3287 15
3288 14
3289 15
3290 15
3291 14
3292 15
3293 15
3294 15
3295 15
3296 14
3297 15
3298 14
3299 15
3300 14
3301 15
3302 15
3303 15
3304 14
3305 15
3306 15
3307 15
3308 15
3309 15
3310 15
3311 15
3312 14
3313 15
3314 15
3315 14
3316 15
3317 15
3318 14
3319 15
3320 14
3321 15
3322 15
3323 15
3324 15
3325 15
3326 15
3327 15
3328 13
3329 14
3330 14
3331 14
3332 14
3333 14
3334 14
3335 14
3336 14
3337 14
3338 14
3339 15
3340 14
3341 14
3342 14
3343 15
3344 14
3345 14
3346 14
3347 15
3348 14
3349 15
3350 15
3351 15
3352 14
3353 15
3354 14
3355 15
3356 14
3357 15
3358 15
3359 15
3360 14
3361 15
3362 14
3363 15
3364 14
3365 15
3366 14
3367 15
3368 14
3369 15
3370 15
3371 15
3372 14
3373 15
3374 15
3375 15
3376 14
3377 15
3378 15
3379 15
3380 14
3381 15
3382 15
3383 15
3384 14
3385 15
3386 15
3387 15
3388 15
3389 15
3390 15
3391 15
3392 14
3393 15
3394 15
3395 15
3396 14
3397 15
3398 15
3399 15
3400 14
3401 15
3402 15
3403 15
3404 15
3405 15
3406 15
3407 15
3408 14
3409 15
3410 15
3411 15
3412 15
3413 15
3414 15
3415 15
3416 15
3417 15
3418 15
3419 15
3420 15
3421 15
3422 15
3423 15
3424 14
3425 15
3426 15
3427 15
3428 15
3429 15
3430 15
3431 15
3432 14
3433 15
3434 15
3435 15
3436 15
3437 15
3438 15
3439 15
3440 14
3441 15
3442 15
3443 15
3444 15
3445 15
3446 15
3447 15
3448 15
3449 15
3450 15
3451 15
3452 15
3453 15
3454 15
3455 15
3456 13
3457 14
3458 14
3459 14
3460 14
3461 14
3462 14
3463 15
3464 14
3465 14
3466 14
3467 15
3468 14
3469 15
3470 15
3471 14
3472 14
3473 15
3474 14
3475 15
3476 14
3477 15
3478 15
3479 15
3480 14
3481 15
3482 15
3483 14
3484 15
3485 15
3486 14
3487 15
3488 14
3489 15
3490 15
3491 15
3492 14
3493 15
3494 15
3495 15
3496 14
3497 15
3498 15
3499 15
3500 15
3501 15
3502 15
3503 15
3504 14
3505 15
3506 15
3507 15
3508 15
3509 15
3510 14
3511 15
3512 15
3513 15
3514 15
3515 15
3516 14
3517 15
3518 15
3519 15
3520 14
3521 15
3522 15
3523 15
3524 15
3525 15
3526 15
3527 15
3528 14
3529 15
3530 15
3531 15
3532 15
3533 15
3534 15
3535 15
3536 14
3537 15
3538 15
3539 15
3540 15
3541 15
3542 15
3543 15
3544 15
3545 15
3546 15
3547 15
3548 15
3549 15
3550 15
3551 15
3552 14
3553 15
3554 15
3555 15
3556 15
3557 15
3558 15
3559 15
3560 15
3561 15
3562 15
3563 15
3564 14
3565 15
3566 15
3567 15
3568 15
3569 15
3570 15
3571 15
3572 15
3573 15
3574 15
3575 15
3576 14
3577 15
3578 15
3579 15
3580 15
3581 15
3582 15
3583 16
3584 13
3585 14
3586 14
3587 14
3588 14
3589 14
3590 14
3591 14
3592 14
3593 14
3594 14
3595 15
3596 14
3597 15
3598 14
3599 15
3600 14
3601 15
3602 14
3603 15
3604 14
3605 15
3606 15
3607 15
3608 14
3609 15
3610 15
3611 15
3612 14
3613 15
3614 15
3615 15
3616 14
3617 15
3618 15
3619 15
3620 14
3621 15
3622 15
3623 15
3624 14
3625 15
3626 15
3627 15
3628 15
3629 15
3630 15
3631 15
3632 14
3633 15
3634 15
3635 15
3636 15
3637 15
3638 15
3639 15
3640 14
3641 15
3642 15
3643 15
3644 15
3645 15
3646 15
3647 15
3648 14
3649 15
3650 15
3651 15
3652 15
3653 15
3654 15
3655 15
3656 14
3657 15
3658 15
3659 15
3660 15
3661 15
3662 15
3663 15
3664 14
3665 15
3666 15
3667 15
3668 15
3669 15
3670 15
3671 15
3672 14
3673 15
3674 15
3675 15
3676 15
3677 15
3678 15
3679 15
3680 14
3681 15
3682 15
3683 15
3684 15
3685 15
3686 15
3687 15
3688 15
3689 15
3690 15
3691 16
3692 15
3693 15
3694 15
3695 15
3696 14
3697 15
3698 15
3699 15
3700 15
3701 15
3702 15
3703 15
3704 15
3705 15
3706 15
3707 15
3708 15
3709 16
3710 15
3711 15
3712 14
3713 15
3714 15
3715 15
3716 15
3717 15
3718 15
3719 15
3720 15
3721 15
3722 15
3723 15
3724 15
3725 15
3726 15
3727 15
3728 14
3729 15
3730 15
3731 15
3732 15
3733 15
3734 15
3735 15
3736 15
3737 15
3738 15
3739 15
3740 15
3741 15
3742 15
3743 15
3744 14
3745 15
3746 15
3747 15
3748 15
3749 15
3750 15
3751 15
3752 15
3753 15
3754 15
3755 16
3756 15
3757 15
3758 15
3759 15
3760 15
3761 15
3762 15
3763 16
3764 15
3765 15
3766 15
3767 16
3768 15
3769 15
3770 15
3771 15
3772 15
3773 15
3774 15
3775 16
3776 14
3777 15
3778 15
3779 15
3780 15
3781 15
3782 15
3783 15
3784 15
3785 15
3786 15
3787 16
3788 15
3789 15
3790 15
3791 16
3792 15
3793 15
3794 15
3795 15
3796 15
3797 15
3798 15
3799 15
3800 15
3801 15
3802 15
3803 15
3804 15
3805 15
3806 16
3807 15
3808 14
3809 15
3810 15
3811 15
3812 15
3813 15
3814 15
3815 15
3816 15
3817 15
3818 15
3819 15
3820 15
3821 16
3822 15
3823 16
3824 15
3825 15
3826 15
3827 15
3828 15
3829 15
3830 15
3831 16
3832 15
3833 16
3834 15
3835 15
3836 15
3837 16
3838 15
3839 16
3840 13
3841 14
3842 14
3843 14
3844 14
3845 14
3846 14
3847 15
3848 14
3849 14
3850 14
3851 15
3852 14
3853 15
3854 15
3855 14
3856 14
3857 15
3858 14
3859 15
3860 14
3861 15
3862 15
3863 15
3864 14
3865 15
3866 15
3867 15
3868 15
3869 15
3870 14
3871 15
3872 14
3873 15
3874 15
3875 15
3876 14
3877 15
3878 15
3879 15
3880 14
3881 15
3882 15
3883 15
3884 15
3885 15
3886 15
3887 15
3888 14
3889 15
3890 15
3891 15
3892 15
3893 15
3894 15
3895 15
3896 15
3897 15
3898 15
3899 16
3900 14
3901 15
3902 15
3903 15
3904 14
3905 15
3906 15
3907 15
3908 15
3909 15
3910 15
3911 15
3912 14
3913 15
3914 15
3915 15
3916 15
3917 15
3918 15
3919 15
3920 14
3921 15
3922 15
3923 15
3924 15
3925 15
3926 15
3927 15
3928 15
3929 15
3930 15
3931 16
3932 15
3933 15
3934 15
3935 15
3936 14
3937 15
3938 15
3939 15
3940 15
3941 15
3942 15
3943 16
3944 15
3945 15
3946 15
3947 16
3948 15
3949 16
3950 15
3951 15
3952 15
3953 15
3954 15
3955 16
3956 15
3957 15
3958 16
3959 15
3960 14
3961 15
3962 15
3963 15
3964 15
3965 15
3966 15
3967 16
3968 14
3969 15
3970 15
3971 15
3972 15
3973 15
3974 15
3975 15
3976 15
3977 15
3978 15
3979 15
3980 15
3981 15
3982 15
3983 15
3984 14
3985 15
3986 15
3987 15
3988 15
3989 15
3990 15
3991 16
3992 15
3993 15
3994 15
3995 15
3996 15
3997 16
3998 15
3999 15
4000 14
4001 15
4002 15
4003 15
4004 15
4005 15
4006 15
4007 16
4008 15
4009 15
4010 15
4011 15
4012 15
4013 15
4014 15
4015 15
4016 15
4017 15
4018 15
4019 15
4020 15
4021 16
4022 15
4023 15
4024 15
4025 15
4026 15
4027 15
4028 15
4029 16
4030 15
4031 16
4032 14
4033 15
4034 15
4035 15
4036 15
4037 15
4038 15
4039 15
4040 15
4041 15
4042 15
4043 15
4044 15
4045 15
4046 15
4047 15
4048 15
4049 15
4050 15
4051 15
4052 15
4053 15
4054 15
4055 15
4056 15
4057 15
4058 15
4059 15
4060 15
4061 16
4062 15
4063 16
4064 15
4065 15
4066 15
4067 15
4068 15
4069 16
4070 15
4071 15
4072 15
4073 16
4074 15
4075 15
4076 15
4077 15
4078 15
4079 16
4080 14
4081 15
4082 15
4083 15
4084 15
4085 15
4086 15
4087 16
4088 15
4089 15
4090 15
4091 16
4092 15
4093 16
4094 16
4095 15
4096 12
4097 13
4098 13
4099 14
4100 13
4101 14
4102 14
4103 15
4104 13
4105 14
4106 14
4107 15
4108 14
4109 15
4110 15
4111 15
4112 13
4113 14
4114 14
4115 15
4116 14
4117 15
4118 15
4119 15
4120 14
4121 15
4122 15
4123 15
4124 15
4125 15
4126 15
4127 16
4128 13
4129 14
4130 14
4131 15
4132 14
4133 15
4134 15
4135 16
4136 14
4137 15
4138 15
4139 15
4140 15
4141 15
4142 15
4143 15
4144 14
4145 15
4146 15
4147 15
4148 15
4149 15
4150 15
4151 15
4152 15
4153 16
4154 15
4155 15
4156 15
4157 16
4158 15
4159 16
4160 13
4161 14
4162 14
4163 15
4164 14
4165 15
4166 15
4167 15
4168 14
4169 15
4170 15
4171 15
4172 15
4173 15
4174 15
4175 15
4176 14
4177 15
4178 15
4179 15
4180 15
4181 15
4182 15
4183 16
4184 15
4185 15
4186 15
4187 15
4188 15
4189 16
4190 15
4191 16
4192 14
4193 14
4194 15
4195 15
4196 15
4197 15
4198 15
4199 15
4200 15
4201 15
4202 15
4203 16
4204 15
4205 15
4206 15
4207 16
4208 15
4209 15
4210 15
4211 15
4212 15
4213 16
4214 15
4215 15
4216 15
4217 16
4218 16
4219 16
4220 15
4221 16
4222 16
4223 16
4224 13
4225 14
4226 14
4227 15
4228 14
4229 15
4230 15
4231 15
4232 14
4233 15
4234 15
4235 15
4236 15
4237 15
4238 15
4239 15
4240 14
4241 14
4242 15
4243 15
4244 15
4245 15
4246 15
4247 15
4248 15
4249 15
4250 15
4251 15
4252 15
4253 16
4254 15
4255 16
4256 14
4257 14
4258 14
4259 15
4260 15
4261 15
4262 15
4263 15
4264 15
4265 15
4266 15
4267 15
4268 15
4269 16
4270 15
4271 16
4272 15
4273 15
4274 15
4275 15
4276 15
4277 16
4278 15
4279 16
4280 15
4281 16
4282 16
4283 16
4284 15
4285 16
4286 16
4287 16
4288 14
4289 15
4290 14
4291 15
4292 14
4293 15
4294 15
4295 16
4296 15
4297 15
4298 15
4299 16
4300 15
4301 16
4302 15
4303 16
4304 15
4305 15
4306 15
4307 15
4308 15
4309 15
4310 15
4311 16
4312 15
4313 15
4314 16
4315 16
4316 15
4317 16
4318 16
4319 16
4320 14
4321 15
4322 15
4323 15
4324 15
4325 15
4326 15
4327 16
4328 15
4329 15
4330 15
4331 16
4332 15
4333 16
4334 16
4335 15
4336 15
4337 16
4338 15
4339 15
4340 15
4341 16
4342 16
4343 16
4344 15
4345 15
4346 16
4347 15
4348 16
4349 16
4350 15
4351 16
4352 13
4353 14
4354 14
4355 15
4356 14
4357 15
4358 15
4359 15
4360 14
4361 14
4362 15
4363 15
4364 15
4365 15
4366 15
4367 15
4368 14
4369 14
4370 14
4371 15
4372 15
4373 15
4374 15
4375 16
4376 15
4377 15
4378 15
4379 15
4380 15
4381 16
4382 15
4383 16
4384 14
4385 15
4386 14
4387 15
4388 14
4389 15
4390 15
4391 16
4392 15
4393 15
4394 15
4395 15
4396 15
4397 15
4398 16
4399 16
4400 15
4401 15
4402 15
4403 15
4404 15
4405 15
4406 15
4407 16
4408 15
4409 16
4410 15
4411 16
4412 15
4413 16
4414 16
4415 16
4416 14
4417 15
4418 15
4419 15
4420 14
4421 15
4422 15
4423 16
4424 14
4425 15
4426 15
4427 16
4428 15
4429 15
4430 15
4431 15
4432 15
4433 15
4434 15
4435 16
4436 15
4437 15
4438 15
4439 15
4440 15
4441 15
4442 15
4443 15
4444 15
4445 16
4446 15
4447 16
4448 15
4449 15
4450 15
4451 15
4452 15
4453 15
4454 15
4455 15
4456 15
4457 15
4458 15
4459 15
4460 15
4461 16
4462 15
4463 16
4464 15
4465 16
4466 16
4467 16
4468 15
4469 16
4470 15
4471 16
4472 15
4473 16
4474 16
4475 16
4476 15
4477 16
4478 16
4479 16
4480 14
4481 15
4482 15
4483 15
4484 15
4485 15
4486 15
4487 15
4488 14
4489 15
4490 15
4491 16
4492 15
4493 15
4494 15
4495 15
4496 14
4497 15
4498 15
4499 15
4500 15
4501 15
4502 15
4503 16
4504 15
4505 15
4506 15
4507 15
4508 15
4509 16
4510 15
4511 16
4512 15
4513 15
4514 15
4515 15
4516 15
4517 15
4518 15
4519 16
4520 15
4521 15
4522 15
4523 16
4524 15
4525 15
4526 16
4527 16
4528 15
4529 15
4530 15
4531 16
4532 15
4533 16
4534 15
4535 16
4536 15
4537 16
4538 16
4539 16
4540 15
4541 16
4542 16
4543 16
4544 15
4545 16
4546 15
4547 16
4548 15
4549 16
4550 15
4551 16
4552 15
4553 16
4554 15
4555 16
4556 15
4557 16
4558 16
4559 16
4560 15
4561 16
4562 15
4563 16
4564 15
4565 16
4566 16
4567 16
4568 15
4569 16
4570 15
4571 16
4572 15
4573 16
4574 16
4575 16
4576 15
4577 16
4578 16
4579 16
4580 15
4581 16
4582 16
4583 16
4584 15
4585 16
4586 16
4587 16
4588 15
4589 16
4590 15
4591 16
4592 15
4593 16
4594 16
4595 16
4596 16
4597 16
4598 16
4599 16
4600 15
4601 16
4602 16
4603 16
4604 16
4605 16
4606 16
4607 16
4608 13
4609 14
4610 14
4611 14
4612 14
4613 14
4614 14
4615 15
4616 14
4617 14
4618 14
4619 15
4620 14
4621 15
4622 15
4623 15
4624 14
4625 15
4626 14
4627 15
4628 14
4629 15
4630 15
4631 15
4632 14
4633 15
4634 15
4635 15
4636 15
4637 15
4638 15
4639 16
4640 14
4641 15
4642 15
4643 15
4644 14
4645 15
4646 15
4647 15
4648 14
4649 15
4650 15
4651 16
4652 15
4653 15
4654 15
4655 16
4656 14
4657 15
4658 15
4659 15
4660 15
4661 16
4662 15
4663 16
4664 15
4665 15
4666 15
4667 16
4668 15
4669 16
4670 16
4671 16
4672 14
4673 15
4674 15
4675 15
4676 15
4677 15
4678 15
4679 16
4680 14
4681 15
4682 15
4683 15
4684 15
4685 15
4686 15
4687 16
4688 14
4689 15
4690 15
4691 16
4692 15
4693 15
4694 16
4695 16
4696 15
4697 15
4698 15
4699 16
4700 15
4701 16
4702 16
4703 16
4704 14
4705 15
4706 15
4707 15
4708 15
4709 15
4710 15
4711 16
4712 15
4713 15
4714 16
4715 16
4716 15
4717 15
4718 16
4719 16
4720 15
4721 15
4722 15
4723 16
4724 15
4725 16
4726 16
4727 16
4728 15
4729 15
4730 16
4731 16
4732 16
4733 16
4734 16
4735 16
4736 14
4737 15
4738 15
4739 15
4740 15
4741 15
4742 15
4743 16
4744 15
4745 15
4746 15
4747 16
4748 15
4749 15
4750 15
4751 16
4752 14
4753 15
4754 15
4755 15
4756 15
4757 15
4758 15
4759 15
4760 15
4761 15
4762 15
4763 16
4764 15
4765 16
4766 16
4767 16
4768 14
4769 15
4770 15
4771 16
4772 15
4773 15
4774 15
4775 16
4776 15
4777 15
4778 15
4779 15
4780 16
4781 16
4782 15
4783 16
4784 15
4785 15
4786 15
4787 16
4788 15
4789 16
4790 16
4791 16
4792 15
4793 16
4794 15
4795 16
4796 16
4797 16
4798 16
4799 16
4800 14
4801 15
4802 15
4803 15
4804 15
4805 15
4806 15
4807 16
4808 15
4809 15
4810 15
4811 16
4812 15
4813 15
4814 16
4815 15
4816 15
4817 15
4818 15
4819 16
4820 15
4821 16
4822 16
4823 16
4824 15
4825 15
4826 15
4827 15
4828 15
4829 16
4830 15
4831 16
4832 15
4833 15
4834 15
4835 16
4836 15
4837 15
4838 16
4839 15
4840 15
4841 16
4842 16
4843 16
4844 16
4845 15
4846 16
4847 16
4848 15
4849 16
4850 15
4851 15
4852 15
4853 16
4854 15
4855 16
4856 16
4857 16
4858 16
4859 16
4860 15
4861 16
4862 16
4863 16
4864 14
4865 15
4866 15
4867 15
4868 15
4869 15
4870 15
4871 15
4872 15
4873 15
4874 15
4875 15
4876 15
4877 15
4878 15
4879 15
4880 15
4881 15
4882 15
4883 15
4884 15
4885 15
4886 15
4887 16
4888 15
4889 15
4890 15
4891 16
4892 15
4893 16
4894 15
4895 16
4896 14
4897 15
4898 15
4899 15
4900 15
4901 15
4902 15
4903 16
4904 15
4905 15
4906 15
4907 16
4908 15
4909 16
4910 16
4911 16
4912 15
4913 15
4914 15
4915 16
4916 15
4917 15
4918 16
4919 16
4920 15
4921 16
4922 15
4923 15
4924 15
4925 16
4926 16
4927 16
4928 14
4929 15
4930 15
4931 16
4932 15
4933 15
4934 15
4935 16
4936 15
4937 15
4938 15
4939 16
4940 15
4941 15
4942 16
4943 16
4944 15
4945 15
4946 15
4947 15
4948 15
4949 16
4950 15
4951 16
4952 15
4953 16
4954 16
4955 16
4956 15
4957 16
4958 16
4959 16
4960 15
4961 16
4962 15
4963 16
4964 15
4965 16
4966 16
4967 16
4968 15
4969 15
4970 16
4971 15
4972 16
4973 16
4974 16
4975 16
4976 15
4977 15
4978 16
4979 16
4980 15
4981 15
4982 16
4983 16
4984 15
4985 16
4986 15
4987 16
4988 16
4989 16
4990 16
4991 16
4992 14
4993 15
4994 15
4995 15
4996 15
4997 15
4998 15
4999 15
5000 15
5001 15
5002 15
5003 16
5004 15
5005 15
5006 15
5007 15
5008 15
5009 15
5010 15
5011 16
5012 15
5013 15
5014 15
5015 16
5016 15
5017 16
5018 15
5019 15
5020 15
5021 16
5022 15
5023 16
5024 15
5025 16
5026 15
5027 16
5028 15
5029 16
5030 16
5031 15
5032 15
5033 16
5034 15
5035 16
5036 16
5037 16
5038 16
5039 16
5040 15
5041 16
5042 16
5043 15
5044 15
5045 16
5046 15
5047 16
5048 15
5049 15
5050 16
5051 16
5052 15
5053 16
5054 16
5055 16
5056 15
5057 16
5058 15
5059 16
5060 15
5061 16
5062 16
5063 16
5064 15
5065 16
5066 15
5067 16
5068 16
5069 16
5070 15
5071 16
5072 15
5073 16
5074 16
5075 16
5076 15
5077 16
5078 16
5079 16
5080 16
5081 16
5082 15
5083 16
5084 16
5085 16
5086 16
5087 16
5088 15
5089 16
5090 16
5091 16
5092 15
5093 16
5094 15
5095 16
5096 15
5097 16
5098 16
5099 16
5100 15
5101 16
5102 16
5103 16
5104 15
5105 16
5106 16
5107 16
5108 16
5109 16
5110 16
5111 16
5112 15
5113 16
5114 16
5115 16
5116 16
5117 16
5118 16
5119 16
5120 13
5121 14
5122 14
5123 14
5124 14
5125 14
5126 14
5127 15
5128 14
5129 15
5130 14
5131 15
5132 14
5133 15
5134 15
5135 15
5136 14
5137 15
5138 15
5139 15
5140 14
5141 15
5142 15
5143 15
5144 14
5145 15
5146 15
5147 15
5148 15
5149 15
5150 15
5151 16
5152 14
5153 15
5154 15
5155 15
5156 15
5157 15
5158 15
5159 16
5160 14
5161 15
5162 15
5163 15
5164 15
5165 15
5166 15
5167 16
5168 14
5169 15
5170 15
5171 15
5172 15
5173 15
5174 15
5175 16
5176 15
5177 16
5178 15
5179 16
5180 15
5181 16
5182 16
5183 16
5184 14
5185 15
5186 15
5187 15
5188 15
5189 15
5190 15
5191 16
5192 15
5193 15
5194 15
5195 16
5196 15
5197 16
5198 16
5199 15
5200 14
5201 15
5202 15
5203 15
5204 15
5205 15
5206 15
5207 16
5208 15
5209 15
5210 15
5211 15
5212 15
5213 16
5214 15
5215 16
5216 14
5217 15
5218 15
5219 15
5220 15
5221 15
5222 15
5223 16
5224 15
5225 15
5226 15
5227 16
5228 15
5229 15
5230 16
5231 16
5232 15
5233 15
5234 15
5235 16
5236 15
5237 16
5238 15
5239 16
5240 15
5241 16
5242 16
5243 16
5244 15
5245 16
5246 16
5247 16
5248 14
5249 15
5250 15
5251 15
5252 15
5253 15
5254 15
5255 16
5256 15
5257 15
5258 15
5259 16
5260 15
5261 16
5262 16
5263 16
5264 15
5265 15
5266 15
5267 16
5268 15
5269 15
5270 16
5271 15
5272 15
5273 15
5274 15
5275 16
5276 16
5277 16
5278 16
5279 16
5280 14
5281 15
5282 15
5283 15
5284 15
5285 15
5286 15
5287 16
5288 15
5289 15
5290 15
5291 16
5292 15
5293 16
5294 15
5295 16
5296 15
5297 15
5298 15
5299 15
5300 15
5301 16
5302 16
5303 16
5304 15
5305 16
5306 16
5307 16
5308 16
5309 16
5310 16
5311 16
5312 14
5313 15
5314 15
5315 15
5316 15
5317 15
5318 15
5319 16
5320 15
5321 16
5322 15
5323 16
5324 15
5325 16
5326 16
5327 16
5328 15
5329 15
5330 15
5331 15
5332 15
5333 16
5334 16
5335 16
5336 15
5337 16
5338 16
5339 16
5340 15
5341 16
5342 16
5343 16
5344 15
5345 15
5346 15
5347 16
5348 15
5349 16
5350 16
5351 16
5352 15
5353 16
5354 16
5355 15
5356 16
5357 16
5358 16
5359 16
5360 15
5361 16
5362 15
5363 16
5364 15
5365 15
5366 16
5367 16
5368 16
5369 16
5370 16
5371 16
5372 16
5373 16
5374 16
5375 16
5376 14
5377 15
5378 15
5379 15
5380 15
5381 15
5382 15
5383 15
5384 15
5385 15
5386 15
5387 15
5388 15
5389 15
5390 15
5391 15
5392 15
5393 15
5394 15
5395 15
5396 15
5397 15
5398 15
5399 16
5400 15
5401 15
5402 15
5403 15
5404 15
5405 16
5406 15
5407 16
5408 15
5409 16
5410 15
5411 16
5412 15
5413 16
5414 16
5415 16
5416 15
5417 16
5418 15
5419 16
5420 15
5421 16
5422 16
5423 16
5424 15
5425 16
5426 15
5427 16
5428 15
5429 16
5430 15
5431 16
5432 15
5433 16
5434 16
5435 16
5436 15
5437 16
5438 16
5439 16
5440 14
5441 15
5442 15
5443 15
5444 15
5445 15
5446 15
5447 16
5448 15
5449 15
5450 15
5451 16
5452 15
5453 16
5454 16
5455 16
5456 15
5457 15
5458 15
5459 16
5460 15
5461 16
5462 16
5463 16
5464 15
5465 16
5466 16
5467 15
5468 16
5469 16
5470 16
5471 16
5472 15
5473 16
5474 15
5475 16
5476 15
5477 16
5478 15
5479 16
5480 15
5481 16
5482 16
5483 16
5484 15
5485 15
5486 16
5487 16
5488 15
5489 16
5490 16
5491 15
5492 16
5493 16
5494 15
5495 16
5496 15
5497 16
5498 16
5499 16
5500 16
5501 16
5502 16
5503 16
5504 14
5505 15
5506 15
5507 15
5508 15
5509 15
5510 15
5511 16
5512 15
5513 15
5514 15
5515 16
5516 15
5517 16
5518 16
5519 16
5520 15
5521 15
5522 15
5523 16
5524 15
5525 15
5526 16
5527 15
5528 15
5529 16
5530 15
5531 16
5532 16
5533 16
5534 16
5535 16
5536 15
5537 16
5538 15
5539 16
5540 15
5541 16
5542 15
5543 16
5544 15
5545 16
5546 16
5547 15
5548 15
5549 16
5550 15
5551 16
5552 15
5553 16
5554 16
5555 16
5556 15
5557 16
5558 16
5559 16
5560 16
5561 16
5562 16
5563 16
5564 16
5565 16
5566 16
5567 16
5568 15
5569 16
5570 16
5571 16
5572 15
5573 16
5574 16
5575 16
5576 15
5577 16
5578 16
5579 16
5580 16
5581 16
5582 16
5583 16
5584 15
5585 16
5586 16
5587 16
5588 16
5589 16
5590 15
5591 16
5592 15
5593 16
5594 16
5595 16
5596 15
5597 16
5598 16
5599 16
5600 15
5601 16
5602 16
5603 16
5604 16
5605 16
5606 16
5607 16
5608 15
5609 16
5610 15
5611 16
5612 16
5613 16
5614 16
5615 16
5616 15
5617 16
5618 16
5619 16
5620 15
5621 16
5622 16
5623 16
5624 16
5625 16
5626 16
5627 16
5628 16
5629 16
5630 16
5631 16
5632 14
5633 15
5634 15
5635 15
5636 15
5637 15
5638 15
5639 15
5640 15
5641 15
5642 15
5643 15
5644 15
5645 15
5646 15
5647 16
5648 15
5649 16
5650 15
5651 16
5652 15
5653 16
5654 15
5655 16
5656 15
5657 16
5658 15
5659 16
5660 15
5661 16
5662 16
5663 16
5664 15
5665 16
5666 16
5667 16
5668 15
5669 16
5670 16
5671 16
5672 15
5673 16
5674 16
5675 16
5676 15
5677 16
5678 16
5679 16
5680 15
5681 16
5682 16
5683 16
5684 15
5685 16
5686 16
5687 16
5688 15
5689 16
5690 16
5691 16
5692 16
5693 16
5694 16
5695 16
5696 15
5697 16
5698 16
5699 16
5700 16
5701 16
5702 16
5703 16
5704 15
5705 16
5706 16
5707 16
5708 16
5709 16
5710 16
5711 16
5712 15
5713 16
5714 16
5715 16
5716 16
5717 16
5718 16
5719 16
5720 15
5721 16
5722 16
5723 16
5724 16
5725 16
5726 16
5727 16
5728 15
5729 16
5730 16
5731 16
5732 16
5733 16
5734 16
5735 16
5736 15
5737 16
5738 16
5739 16
5740 16
5741 16
5742 16
5743 16
5744 15
5745 16
5746 16
5747 16
5748 16
5749 16
5750 16
5751 16
5752 16
5753 16
5754 16
5755 16
5756 16
5757 16
5758 16
5759 16
5760 14
5761 15
5762 15
5763 15
5764 15
5765 15
5766 15
5767 16
5768 15
5769 15
5770 15
5771 16
5772 15
5773 16
5774 16
5775 15
5776 15
5777 16
5778 15
5779 16
5780 15
5781 16
5782 16
5783 16
5784 15
5785 15
5786 16
5787 15
5788 16
5789 16
5790 15
5791 16
5792 15
5793 16
5794 16
5795 16
5796 15
5797 16
5798 16
5799 16
5800 15
5801 16
5802 16
5803 16
5804 16
5805 15
5806 16
5807 16
5808 15
5809 16
5810 15
5811 16
5812 16
5813 16
5814 15
5815 16
5816 16
5817 16
5818 16
5819 16
5820 15
5821 16
5822 16
5823 16
5824 15
5825 16
5826 16
5827 16
5828 16
5829 16
5830 16
5831 16
5832 15
5833 16
5834 16
5835 16
5836 16
5837 16
5838 16
5839 16
5840 15
5841 16
5842 16
5843 16
5844 16
5845 16
5846 16
5847 16
5848 15
5849 16
5850 15
5851 16
5852 16
5853 16
5854 16
5855 16
5856 15
5857 16
5858 16
5859 16
5860 15
5861 16
5862 16
5863 16
5864 16
5865 16
5866 16
5867 16
5868 15
5869 16
5870 16
5871 16
5872 15
5873 16
5874 16
5875 16
5876 16
5877 16
5878 16
5879 16
5880 15
5881 16
5882 16
5883 16
5884 16
5885 16
5886 16
5887 16
5888 14
5889 15
5890 15
5891 15
5892 15
5893 15
5894 15
5895 16
5896 15
5897 15
5898 15
5899 16
5900 15
5901 15
5902 15
5903 16
5904 15
5905 16
5906 15
5907 16
5908 15
5909 16
5910 16
5911 15
5912 15
5913 16
5914 15
5915 16
5916 15
5917 16
5918 16
5919 16
5920 15
5921 16
5922 16
5923 16
5924 15
5925 16
5926 16
5927 16
5928 15
5929 16
5930 16
5931 16
5932 16
5933 16
5934 15
5935 16
5936 15
5937 16
5938 16
5939 16
5940 15
5941 16
5942 16
5943 16
5944 15
5945 16
5946 16
5947 16
5948 16
5949 16
5950 16
5951 16
5952 15
5953 16
5954 16
5955 16
5956 16
5957 16
5958 16
5959 16
5960 15
5961 16
5962 16
5963 16
5964 16
5965 16
5966 16
5967 16
5968 15
5969 16
5970 16
5971 16
5972 16
5973 16
5974 16
5975 16
5976 15
5977 16
5978 16
5979 16
5980 15
5981 16
5982 16
5983 16
5984 15
5985 16
5986 16
5987 16
5988 16
5989 16
5990 16
5991 16
5992 15
5993 16
5994 16
5995 16
5996 16
5997 16
5998 16
5999 16
6000 15
6001 16
6002 16
6003 16
6004 16
6005 16
6006 16
6007 16
6008 16
6009 16
6010 16
6011 16
6012 16
6013 16
6014 16
6015 16
6016 15
6017 16
6018 16
6019 16
6020 16
6021 16
6022 16
6023 16
6024 16
6025 16
6026 16
6027 16
6028 16
6029 16
6030 16
6031 16
6032 15
6033 16
6034 16
6035 16
6036 16
6037 16
6038 16
6039 16
6040 16
6041 16
6042 16
6043 16
6044 16
6045 16
6046 16
6047 16
6048 15
6049 16
6050 16
6051 16
6052 16
6053 16
6054 16
6055 16
6056 16
6057 16
6058 16
6059 16
6060 16
6061 16
6062 16
6063 16
6064 16
6065 16
6066 16
6067 16
6068 16
6069 16
6070 16
6071 16
6072 15
6073 16
6074 16
6075 16
6076 16
6077 16
6078 16
6079 16
6080 15
6081 16
6082 16
6083 16
6084 16
6085 16
6086 16
6087 16
6088 16
6089 16
6090 16
6091 16
6092 16
6093 16
6094 16
6095 16
6096 15
6097 16
6098 16
6099 16
6100 16
6101 16
6102 16
6103 16
6104 16
6105 16
6106 16
6107 16
6108 16
6109 16
6110 16
6111 16
6112 15
6113 16
6114 16
6115 16
6116 16
6117 16
6118 16
6119 16
6120 15
6121 16
6122 16
6123 16
6124 16
6125 16
6126 16
6127 16
6128 16
6129 16
6130 16
6131 16
6132 16
6133 16
6134 16
6135 16
6136 16
6137 16
6138 16
6139 16
6140 16
6141 16
6142 16
6143 16
6144 13
6145 14
6146 14
6147 14
6148 14
6149 15
6150 14
6151 15
6152 14
6153 15
6154 15
6155 15
6156 14
6157 15
6158 15
6159 15
6160 14
6161 15
6162 15
6163 15
6164 15
6165 16
6166 15
6167 16
6168 14
6169 15
6170 15
6171 15
6172 15
6173 16
6174 15
6175 16
6176 14
6177 15
6178 15
6179 15
6180 15
6181 16
6182 15
6183 16
6184 15
6185 16
6186 16
6187 16
6188 15
6189 16
6190 16
6191 16
6192 14
6193 15
6194 15
6195 15
6196 15
6197 16
6198 15
6199 16
6200 15
6201 16
6202 16
6203 16
6204 15
6205 16
6206 16
6207 16
6208 14
6209 15
6210 15
6211 15
6212 15
6213 16
6214 15
6215 16
6216 15
6217 16
6218 16
6219 16
6220 15
6221 16
6222 16
6223 16
6224 15
6225 16
6226 16
6227 16
6228 16
6229 16
6230 16
6231 16
6232 15
6233 16
6234 16
6235 16
6236 16
6237 16
6238 16
6239 16
6240 14
6241 15
6242 15
6243 15
6244 15
6245 16
6246 15
6247 16
6248 15
6249 16
6250 16
6251 16
6252 15
6253 16
6254 16
6255 16
6256 15
6257 15
6258 16
6259 16
6260 16
6261 16
6262 16
6263 16
6264 15
6265 16
6266 16
6267 16
6268 16
6269 16
6270 16
6271 17
6272 14
6273 15
6274 15
6275 15
6276 15
6277 16
6278 15
6279 16
6280 15
6281 16
6282 16
6283 16
6284 15
6285 16
6286 16
6287 16
6288 15
6289 15
6290 16
6291 16
6292 16
6293 16
6294 16
6295 16
6296 15
6297 15
6298 16
6299 16
6300 16
6301 16
6302 16
6303 16
6304 15
6305 15
6306 15
6307 16
6308 16
6309 16
6310 16
6311 16
6312 16
6313 16
6314 16
6315 16
6316 16
6317 16
6318 16
6319 17
6320 15
6321 15
6322 15
6323 16
6324 16
6325 16
6326 16
6327 16
6328 16
6329 16
6330 16
6331 17
6332 16
6333 16
6334 16
6335 16
6336 14
6337 15
6338 15
6339 15
6340 15
6341 16
6342 15
6343 16
6344 15
6345 16
6346 16
6347 16
6348 15
6349 16
6350 16
6351 16
6352 15
6353 15
6354 16
6355 16
6356 16
6357 16
6358 16
6359 16
6360 15
6361 16
6362 16
6363 16
6364 16
6365 16
6366 16
6367 17
6368 15
6369 15
6370 15
6371 16
6372 15
6373 16
6374 16
6375 16
6376 16
6377 16
6378 16
6379 16
6380 16
6381 16
6382 16
6383 17
6384 15
6385 16
6386 16
6387 15
6388 16
6389 16
6390 16
6391 16
6392 16
6393 16
6394 16
6395 16
6396 16
6397 16
6398 16
6399 16
6400 14
6401 15
6402 15
6403 15
6404 15
6405 15
6406 15
6407 16
6408 15
6409 15
6410 15
6411 16
6412 15
6413 15
6414 16
6415 15
6416 15
6417 15
6418 15
6419 16
6420 15
6421 16
6422 16
6423 16
6424 15
6425 15
6426 15
6427 16
6428 16
6429 16
6430 15
6431 16
6432 15
6433 15
6434 15
6435 15
6436 15
6437 16
6438 15
6439 16
6440 15
6441 16
6442 16
6443 16
6444 16
6445 16
6446 16
6447 16
6448 15
6449 16
6450 15
6451 16
6452 15
6453 16
6454 16
6455 16
6456 16
6457 16
6458 16
6459 16
6460 15
6461 16
6462 16
6463 16
6464 15
6465 16
6466 15
6467 16
6468 15
6469 16
6470 16
6471 16
6472 15
6473 16
6474 16
6475 16
6476 16
6477 16
6478 16
6479 16
6480 15
6481 16
6482 16
6483 16
6484 16
6485 16
6486 16
6487 16
6488 16
6489 16
6490 16
6491 17
6492 16
6493 16
6494 16
6495 16
6496 15
6497 16
6498 16
6499 16
6500 15
6501 16
6502 16
6503 16
6504 15
6505 16
6506 16
6507 16
6508 16
6509 16
6510 16
6511 16
6512 16
6513 16
6514 16
6515 16
6516 16
6517 16
6518 16
6519 16
6520 15
6521 16
6522 16
6523 16
6524 16
6525 16
6526 16
6527 16
6528 14
6529 15
6530 15
6531 15
6532 15
6533 16
6534 15
6535 16
6536 15
6537 15
6538 16
6539 16
6540 15
6541 16
6542 16
6543 16
6544 15
6545 15
6546 15
6547 16
6548 16
6549 16
6550 16
6551 16
6552 15
6553 16
6554 16
6555 15
6556 16
6557 16
6558 16
6559 16
6560 15
6561 16
6562 15
6563 16
6564 15
6565 16
6566 16
6567 16
6568 16
6569 16
6570 16
6571 16
6572 16
6573 16
6574 16
6575 16
6576 15
6577 16
6578 16
6579 15
6580 16
6581 16
6582 15
6583 16
6584 16
6585 16
6586 16
6587 16
6588 16
6589 16
6590 16
6591 16
6592 15
6593 16
6594 16
6595 16
6596 15
6597 16
6598 16
6599 16
6600 15
6601 16
6602 16
6603 16
6604 16
6605 16
6606 16
6607 16
6608 15
6609 16
6610 16
6611 16
6612 16
6613 16
6614 16
6615 16
6616 16
6617 16
6618 16
6619 16
6620 16
6621 16
6622 16
6623 16
6624 15
6625 16
6626 16
6627 16
6628 16
6629 16
6630 15
6631 16
6632 16
6633 16
6634 16
6635 16
6636 15
6637 16
6638 16
6639 16
6640 15
6641 16
6642 16
6643 16
6644 16
6645 16
6646 16
6647 16
6648 16
6649 16
6650 16
6651 16
6652 16
6653 16
6654 16
6655 16
6656 14
6657 15
6658 15
6659 15
6660 15
6661 15
6662 15
6663 15
6664 15
6665 15
6666 15
6667 16
6668 15
6669 15
6670 15
6671 16
6672 15
6673 15
6674 15
6675 16
6676 15
6677 16
6678 16
6679 16
6680 15
6681 16
6682 15
6683 16
6684 15
6685 16
6686 16
6687 16
6688 15
6689 16
6690 15
6691 16
6692 15
6693 16
6694 16
6695 16
6696 15
6697 16
6698 16
6699 16
6700 16
6701 16
6702 16
6703 17
6704 15
6705 16
6706 16
6707 16
6708 15
6709 16
6710 16
6711 16
6712 15
6713 16
6714 16
6715 16
6716 16
6717 16
6718 16
6719 16
6720 15
6721 16
6722 16
6723 16
6724 15
6725 16
6726 16
6727 16
6728 15
6729 16
6730 16
6731 16
6732 15
6733 16
6734 16
6735 16
6736 15
6737 16
6738 16
6739 16
6740 16
6741 16
6742 16
6743 16
6744 15
6745 16
6746 16
6747 16
6748 16
6749 16
6750 16
6751 17
6752 15
6753 16
6754 16
6755 16
6756 16
6757 16
6758 16
6759 16
6760 15
6761 16
6762 16
6763 16
6764 16
6765 16
6766 16
6767 16
6768 15
6769 16
6770 16
6771 16
6772 16
6773 16
6774 16
6775 16
6776 16
6777 16
6778 16
6779 16
6780 16
6781 16
6782 16
6783 16
6784 15
6785 16
6786 16
6787 16
6788 16
6789 16
6790 16
6791 16
6792 15
6793 16
6794 16
6795 16
6796 16
6797 16
6798 16
6799 16
6800 15
6801 16
6802 16
6803 16
6804 16
6805 16
6806 16
6807 16
6808 16
6809 16
6810 16
6811 16
6812 16
6813 16
6814 16
6815 16
6816 15
6817 16
6818 16
6819 16
6820 16
6821 16
6822 16
6823 16
6824 16
6825 16
6826 16
6827 16
6828 16
6829 16
6830 16
6831 16
6832 16
6833 16
6834 16
6835 16
6836 16
6837 16
6838 16
6839 16
6840 16
6841 16
6842 16
6843 16
6844 16
6845 16
6846 16
6847 16
6848 15
6849 16
6850 16
6851 16
6852 16
6853 16
6854 16
6855 16
6856 16
6857 16
6858 16
6859 16
6860 16
6861 16
6862 16
6863 17
6864 15
6865 16
6866 16
6867 16
6868 16
6869 16
6870 16
6871 16
6872 16
6873 16
6874 16
6875 17
6876 16
6877 16
6878 16
6879 17
6880 15
6881 16
6882 16
6883 16
6884 16
6885 16
6886 16
6887 16
6888 16
6889 16
6890 16
6891 17
6892 16
6893 16
6894 16
6895 16
6896 16
6897 16
6898 16
6899 17
6900 16
6901 17
6902 16
6903 16
6904 16
6905 16
6906 16
6907 16
6908 16
6909 17
6910 16
6911 17
6912 14
6913 15
6914 15
6915 15
6916 15
6917 15
6918 15
6919 16
6920 15
6921 15
6922 15
6923 16
6924 15
6925 16
6926 16
6927 15
6928 15
6929 16
6930 15
6931 16
6932 15
6933 16
6934 16
6935 16
6936 15
6937 16
6938 16
6939 15
6940 16
6941 16
6942 15
6943 16
6944 15
6945 16
6946 16
6947 16
6948 15
6949 16
6950 16
6951 16
6952 15
6953 16
6954 16
6955 16
6956 16
6957 16
6958 16
6959 16
6960 15
6961 16
6962 16
6963 16
6964 16
6965 16
6966 15
6967 16
6968 16
6969 16
6970 16
6971 16
6972 15
6973 16
6974 16
6975 16
6976 15
6977 16
6978 16
6979 16
6980 16
6981 16
6982 16
6983 16
6984 15
6985 16
6986 16
6987 16
6988 16
6989 16
6990 16
6991 16
6992 15
6993 16
6994 16
6995 16
6996 16
6997 16
6998 16
6999 16
7000 16
7001 16
7002 16
7003 16
7004 16
7005 17
7006 16
7007 17
7008 15
7009 16
7010 16
7011 16
7012 16
7013 16
7014 16
7015 17
7016 16
7017 16
7018 16
7019 16
7020 15
7021 16
7022 16
7023 16
7024 16
7025 16
7026 16
7027 17
7028 16
7029 16
7030 16
7031 16
7032 15
7033 16
7034 16
7035 16
7036 16
7037 16
7038 16
7039 17
7040 15
7041 16
7042 16
7043 16
7044 16
7045 16
7046 16
7047 16
7048 16
7049 16
7050 16
7051 16
7052 16
7053 16
7054 16
7055 16
7056 15
7057 16
7058 16
7059 16
7060 16
7061 16
7062 16
7063 16
7064 16
7065 16
7066 16
7067 16
7068 16
7069 16
7070 16
7071 16
7072 15
7073 16
7074 16
7075 16
7076 16
7077 16
7078 16
7079 16
7080 16
7081 16
7082 16
7083 16
7084 16
7085 16
7086 16
7087 17
7088 16
7089 16
7090 16
7091 16
7092 16
7093 17
7094 16
7095 16
7096 16
7097 16
7098 16
7099 16
7100 16
7101 16
7102 16
7103 17
7104 15
7105 16
7106 16
7107 16
7108 16
7109 16
7110 16
7111 16
7112 16
7113 16
7114 16
7115 17
7116 16
7117 16
7118 16
7119 16
7120 16
7121 16
7122 16
7123 16
7124 16
7125 16
7126 16
7127 16
7128 15
7129 16
7130 16
7131 16
7132 16
7133 16
7134 16
7135 16
7136 16
7137 16
7138 16
7139 17
7140 16
7141 16
7142 16
7143 16
7144 16
7145 16
7146 16
7147 16
7148 16
7149 16
7150 16
7151 17
7152 15
7153 16
7154 16
7155 16
7156 16
7157 16
7158 16
7159 17
7160 16
7161 16
7162 16
7163 16
7164 16
7165 17
7166 17
7167 16
7168 14
7169 15
7170 15
7171 15
7172 15
7173 15
7174 15
7175 15
7176 15
7177 15
7178 15
7179 16
7180 15
7181 16
7182 15
7183 16
7184 15
7185 16
7186 15
7187 16
7188 15
7189 16
7190 16
7191 16
7192 15
7193 16
7194 16
7195 16
7196 15
7197 16
7198 16
7199 16
7200 15
7201 16
7202 16
7203 16
7204 15
7205 16
7206 16
7207 16
7208 15
7209 16
7210 16
7211 16
7212 16
7213 16
7214 16
7215 16
7216 15
7217 16
7218 16
7219 16
7220 16
7221 16
7222 16
7223 16
7224 15
7225 16
7226 16
7227 16
7228 16
7229 16
7230 16
7231 16
7232 15
7233 16
7234 16
7235 16
7236 16
7237 16
7238 16
7239 16
7240 15
7241 16
7242 16
7243 17
7244 16
7245 16
7246 16
7247 17
7248 15
7249 16
7250 16
7251 16
7252 16
7253 16
7254 16
7255 16
7256 16
7257 16
7258 16
7259 16
7260 16
7261 17
7262 16
7263 17
7264 15
7265 16
7266 16
7267 16
7268 16
7269 16
7270 16
7271 16
7272 16
7273 16
7274 16
7275 16
7276 16
7277 17
7278 16
7279 17
7280 15
7281 16
7282 16
7283 16
7284 16
7285 16
7286 16
7287 16
7288 16
7289 16
7290 16
7291 16
7292 16
7293 16
7294 16
7295 16
7296 15
7297 16
7298 16
7299 16
7300 16
7301 16
7302 16
7303 16
7304 16
7305 16
7306 16
7307 16
7308 16
7309 16
7310 16
7311 16
7312 15
7313 16
7314 16
7315 16
7316 16
7317 16
7318 16
7319 17
7320 16
7321 16
7322 16
7323 16
7324 16
7325 16
7326 16
7327 16
7328 15
7329 16
7330 16
7331 16
7332 16
7333 16
7334 16
7335 16
7336 16
7337 16
7338 16
7339 17
7340 16
7341 16
7342 16
7343 17
7344 15
7345 16
7346 16
7347 16
7348 16
7349 16
7350 16
7351 17
7352 16
7353 16
7354 16
7355 17
7356 16
7357 17
7358 16
7359 16
7360 15
7361 16
7362 16
7363 16
7364 16
7365 16
7366 16
7367 16
7368 16
7369 16
7370 16
7371 16
7372 16
7373 16
7374 16
7375 16
7376 16
7377 16
7378 16
7379 16
7380 16
7381 16
7382 17
7383 16
7384 16
7385 16
7386 16
7387 16
7388 16
7389 16
7390 16
7391 17
7392 15
7393 16
7394 16
7395 16
7396 16
7397 16
7398 16
7399 16
7400 16
7401 16
7402 16
7403 17
7404 16
7405 16
7406 16
7407 16
7408 16
7409 16
7410 16
7411 17
7412 16
7413 17
7414 16
7415 17
7416 16
7417 17
7418 17
7419 16
7420 16
7421 17
7422 16
7423 17
7424 15
7425 16
7426 16
7427 16
7428 16
7429 16
7430 16
7431 16
7432 16
7433 16
7434 16
7435 16
7436 16
7437 16
7438 16
7439 16
7440 16
7441 16
7442 16
7443 16
7444 16
7445 16
7446 16
7447 17
7448 16
7449 16
7450 16
7451 16
7452 16
7453 16
7454 16
7455 16
7456 15
7457 16
7458 16
7459 16
7460 16
7461 16
7462 16
7463 17
7464 16
7465 16
7466 16
7467 17
7468 16
7469 16
7470 16
7471 17
7472 16
7473 16
7474 16
7475 16
7476 16
7477 16
7478 16
7479 16
7480 16
7481 17
7482 16
7483 17
7484 16
7485 17
7486 16
7487 17
7488 15
7489 16
7490 16
7491 16
7492 16
7493 16
7494 16
7495 16
7496 16
7497 16
7498 16
7499 17
7500 16
7501 16
7502 16
7503 16
7504 16
7505 16
7506 16
7507 16
7508 16
7509 16
7510 17
7511 16
7512 16
7513 16
7514 16
7515 16
7516 16
7517 17
7518 16
7519 17
7520 16
7521 16
7522 16
7523 16
7524 16
7525 17
7526 17
7527 16
7528 16
7529 17
7530 16
7531 17
7532 16
7533 16
7534 17
7535 17
7536 16
7537 17
7538 16
7539 16
7540 16
7541 17
7542 16
7543 17
7544 16
7545 16
7546 16
7547 17
7548 16
7549 16
7550 17
7551 16
7552 15
7553 16
7554 16
7555 16
7556 16
7557 16
7558 16
7559 16
7560 16
7561 16
7562 16
7563 17
7564 16
7565 16
7566 16
7567 17
7568 16
7569 16
7570 16
7571 17
7572 16
7573 16
7574 17
7575 16
7576 16
7577 16
7578 16
7579 16
7580 16
7581 17
7582 17
7583 16
7584 16
7585 16
7586 16
7587 16
7588 16
7589 16
7590 16
7591 17
7592 16
7593 16
7594 16
7595 17
7596 16
7597 17
7598 16
7599 16
7600 16
7601 17
7602 16
7603 16
7604 16
7605 16
7606 16
7607 17
7608 16
7609 17
7610 16
7611 16
7612 17
7613 17
7614 16
7615 17
7616 15
7617 16
7618 16
7619 16
7620 16
7621 16
7622 16
7623 16
7624 16
7625 16
7626 16
7627 17
7628 16
7629 16
7630 16
7631 17
7632 16
7633 16
7634 16
7635 17
7636 16
7637 17
7638 16
7639 17
7640 16
7641 16
7642 17
7643 16
7644 16
7645 17
7646 17
7647 17
7648 16
7649 17
7650 16
7651 17
7652 16
7653 17
7654 16
7655 17
7656 16
7657 17
7658 16
7659 17
7660 16
7661 16
7662 17
7663 17
7664 16
7665 17
7666 17
7667 16
7668 16
7669 17
7670 16
7671 17
7672 16
7673 17
7674 17
7675 17
7676 16
7677 17
7678 17
7679 16
7680 14
7681 15
7682 15
7683 15
7684 15
7685 15
7686 15
7687 16
7688 15
7689 15
7690 15
7691 16
7692 15
7693 16
7694 16
7695 15
7696 15
7697 16
7698 15
7699 16
7700 15
7701 16
7702 16
7703 16
7704 15
7705 16
7706 16
7707 16
7708 16
7709 16
7710 15
7711 16
7712 15
7713 16
7714 16
7715 16
7716 15
7717 16
7718 16
7719 16
7720 15
7721 16
7722 16
7723 16
7724 16
7725 16
7726 16
7727 16
7728 15
7729 16
7730 16
7731 16
7732 16
7733 16
7734 16
7735 16
7736 16
7737 16
7738 16
7739 17
7740 15
7741 16
7742 16
7743 16
7744 15
7745 16
7746 16
7747 16
7748 16
7749 16
7750 16
7751 17
7752 15
7753 16
7754 16
7755 16
7756 16
7757 16
7758 16
7759 16
7760 15
7761 16
7762 16
7763 16
7764 16
7765 16
7766 16
7767 16
7768 16
7769 16
7770 16
7771 17
7772 16
7773 17
7774 16
7775 16
7776 15
7777 16
7778 16
7779 16
7780 16
7781 16
7782 16
7783 17
7784 16
7785 16
7786 16
7787 17
7788 16
7789 17
7790 16
7791 16
7792 16
7793 16
7794 16
7795 17
7796 16
7797 17
7798 17
7799 17
7800 15
7801 16
7802 16
7803 16
7804 16
7805 16
7806 16
7807 17
7808 15
7809 16
7810 16
7811 16
7812 16
7813 16
7814 16
7815 16
7816 16
7817 16
7818 16
7819 17
7820 16
7821 16
7822 16
7823 16
7824 15
7825 16
7826 16
7827 16
7828 16
7829 16
7830 16
7831 17
7832 16
7833 16
7834 16
7835 17
7836 16
7837 17
7838 16
7839 16
7840 15
7841 16
7842 16
7843 16
7844 16
7845 16
7846 16
7847 17
7848 16
7849 16
7850 16
7851 16
7852 16
7853 17
7854 16
7855 16
7856 16
7857 16
7858 16
7859 16
7860 16
7861 17
7862 17
7863 17
7864 16
7865 16
7866 16
7867 17
7868 16
7869 16
7870 16
7871 17
7872 15
7873 16
7874 16
7875 16
7876 16
7877 16
7878 16
7879 17
7880 16
7881 16
7882 16
7883 17
7884 16
7885 17
7886 17
7887 16
7888 16
7889 16
7890 16
7891 16
7892 16
7893 16
7894 17
7895 16
7896 16
7897 16
7898 17
7899 16
7900 16
7901 17
7902 16
7903 17
7904 16
7905 16
7906 16
7907 16
7908 16
7909 17
7910 17
7911 16
7912 16
7913 16
7914 16
7915 16
7916 17
7917 17
7918 16
7919 17
7920 15
7921 16
7922 16
7923 16
7924 16
7925 16
7926 16
7927 17
7928 16
7929 16
7930 16
7931 17
7932 16
7933 17
7934 17
7935 16
7936 15
7937 16
7938 16
7939 16
7940 16
7941 16
7942 16
7943 16
7944 16
7945 16
7946 16
7947 16
7948 16
7949 16
7950 16
7951 16
7952 16
7953 16
7954 16
7955 16
7956 16
7957 16
7958 16
7959 17
7960 16
7961 16
7962 16
7963 16
7964 16
7965 16
7966 16
7967 16
7968 15
7969 16
7970 16
7971 16
7972 16
7973 16
7974 16
7975 17
7976 16
7977 16
7978 16
7979 17
7980 16
7981 17
7982 17
7983 16
7984 16
7985 16
7986 16
7987 16
7988 16
7989 17
7990 16
7991 17
7992 16
7993 17
7994 17
7995 16
7996 16
7997 17
7998 16
7999 17
8000 15
8001 16
8002 16
8003 16
8004 16
8005 16
8006 16
8007 17
8008 16
8009 16
8010 16
8011 16
8012 16
8013 16
8014 17
8015 16
8016 16
8017 16
8018 16
8019 16
8020 16
8021 17
8022 16
8023 17
8024 16
8025 16
8026 16
8027 16
8028 16
8029 17
8030 16
8031 17
8032 16
8033 16
8034 16
8035 16
8036 16
8037 17
8038 16
8039 16
8040 16
8041 17
8042 17
8043 17
8044 16
8045 16
8046 16
8047 17
8048 16
8049 17
8050 16
8051 16
8052 16
8053 17
8054 16
8055 17
8056 16
8057 17
8058 17
8059 17
8060 16
8061 17
8062 17
8063 17
8064 15
8065 16
8066 16
8067 16
8068 16
8069 16
8070 16
8071 16
8072 16
8073 16
8074 16
8075 16
8076 16
8077 16
8078 16
8079 16
8080 16
8081 16
8082 16
8083 17
8084 16
8085 16
8086 16
8087 16
8088 16
8089 16
8090 16
8091 16
8092 16
8093 17
8094 16
8095 17
8096 16
8097 16
8098 16
8099 16
8100 16
8101 17
8102 16
8103 16
8104 16
8105 17
8106 16
8107 16
8108 16
8109 16
8110 16
8111 17
8112 16
8113 17
8114 16
8115 16
8116 16
8117 17
8118 16
8119 17
8120 16
8121 17
8122 17
8123 17
8124 16
8125 16
8126 17
8127 16
8128 16
8129 17
8130 16
8131 17
8132 16
8133 17
8134 16
8135 17
8136 16
8137 17
8138 17
8139 16
8140 16
8141 17
8142 16
8143 17
8144 16
8145 16
8146 17
8147 16
8148 16
8149 17
8150 16
8151 17
8152 16
8153 17
8154 16
8155 17
8156 16
8157 17
8158 17
8159 17
8160 15
8161 16
8162 16
8163 16
8164 16
8165 16
8166 16
8167 17
8168 16
8169 16
8170 16
8171 17
8172 16
8173 17
8174 17
8175 16
8176 16
8177 16
8178 16
8179 17
8180 16
8181 17
8182 17
8183 17
8184 16
8185 17
8186 17
8187 16
8188 17
8189 17
8190 16
8191 17
8192 13
8193 14
8194 14
8195 15
8196 14
8197 15
8198 15
8199 16
8200 14
8201 15
8202 15
8203 16
8204 15
8205 16
8206 16
8207 16
8208 14
8209 15
8210 15
8211 16
8212 15
8213 16
8214 16
8215 16
8216 15
8217 16
8218 16
8219 16
8220 16
8221 16
8222 16
8223 17
8224 14
8225 15
8226 15
8227 16
8228 15
8229 16
8230 16
8231 17
8232 15
8233 16
8234 16
8235 16
8236 16
8237 16
8238 16
8239 17
8240 15
8241 16
8242 16
8243 16
8244 16
8245 16
8246 16
8247 17
8248 16
8249 17
8250 16
8251 17
8252 16
8253 17
8254 17
8255 17
8256 14
8257 15
8258 15
8259 16
8260 15
8261 16
8262 16
8263 17
8264 15
8265 16
8266 16
8267 17
8268 16
8269 17
8270 17
8271 16
8272 15
8273 16
8274 16
8275 16
8276 16
8277 16
8278 16
8279 16
8280 16
8281 17
8282 16
8283 16
8284 16
8285 17
8286 16
8287 17
8288 15
8289 16
8290 16
8291 16
8292 16
8293 16
8294 16
8295 16
8296 16
8297 17
8298 16
8299 16
8300 16
8301 17
8302 16
8303 17
8304 16
8305 16
8306 17
8307 16
8308 16
8309 17
8310 16
8311 17
8312 16
8313 16
8314 17
8315 17
8316 16
8317 17
8318 17
8319 17
8320 14
8321 15
8322 15
8323 16
8324 15
8325 16
8326 16
8327 16
8328 15
8329 16
8330 16
8331 17
8332 16
8333 16
8334 16
8335 16
8336 15
8337 16
8338 16
8339 17
8340 16
8341 16
8342 16
8343 17
8344 16
8345 16
8346 16
8347 16
8348 16
8349 17
8350 16
8351 17
8352 15
8353 15
8354 16
8355 16
8356 16
8357 16
8358 16
8359 16
8360 16
8361 16
8362 16
8363 17
8364 16
8365 16
8366 17
8367 17
8368 16
8369 16
8370 16
8371 16
8372 16
8373 17
8374 16
8375 17
8376 16
8377 17
8378 17
8379 17
8380 16
8381 17
8382 17
8383 17
8384 15
8385 15
8386 15
8387 16
8388 16
8389 16
8390 16
8391 17
8392 16
8393 16
8394 16
8395 17
8396 16
8397 17
8398 16
8399 17
8400 16
8401 16
8402 16
8403 17
8404 16
8405 16
8406 17
8407 17
8408 16
8409 17
8410 16
8411 17
8412 16
8413 17
8414 17
8415 16
8416 16
8417 16
8418 16
8419 16
8420 16
8421 17
8422 16
8423 17
8424 16
8425 17
8426 17
8427 17
8428 16
8429 17
8430 16
8431 17
8432 16
8433 16
8434 17
8435 17
8436 17
8437 17
8438 17
8439 17
8440 16
8441 17
8442 17
8443 17
8444 17
8445 17
8446 17
8447 17
8448 14
8449 15
8450 15
8451 16
8452 15
8453 16
8454 16
8455 16
8456 15
8457 16
8458 16
8459 16
8460 16
8461 16
8462 16
8463 16
8464 15
8465 15
8466 16
8467 16
8468 16
8469 16
8470 16
8471 16
8472 16
8473 16
8474 16
8475 16
8476 16
8477 17
8478 16
8479 17
8480 15
8481 15
8482 15
8483 16
8484 16
8485 16
8486 16
8487 16
8488 16
8489 16
8490 16
8491 16
8492 16
8493 17
8494 16
8495 17
8496 16
8497 16
8498 16
8499 16
8500 16
8501 17
8502 16
8503 17
8504 16
8505 17
8506 17
8507 17
8508 16
8509 17
8510 17
8511 17
8512 15
8513 16
8514 15
8515 16
8516 15
8517 16
8518 16
8519 17
8520 16
8521 17
8522 16
8523 17
8524 16
8525 17
8526 16
8527 17
8528 16
8529 16
8530 16
8531 16
8532 16
8533 16
8534 16
8535 17
8536 16
8537 17
8538 17
8539 17
8540 16
8541 17
8542 17
8543 17
8544 16
8545 16
8546 16
8547 16
8548 16
8549 16
8550 16
8551 17
8552 16
8553 17
8554 17
8555 17
8556 16
8557 17
8558 17
8559 17
8560 16
8561 17
8562 16
8563 17
8564 17
8565 17
8566 17
8567 17
8568 16
8569 17
8570 17
8571 17
8572 17
8573 17
8574 17
8575 17
8576 15
8577 16
8578 16
8579 16
8580 15
8581 16
8582 16
8583 17
8584 15
8585 16
8586 16
8587 17
8588 16
8589 17
8590 17
8591 17
8592 16
8593 16
8594 16
8595 16
8596 16
8597 16
8598 17
8599 17
8600 16
8601 16
8602 17
8603 17
8604 16
8605 17
8606 17
8607 17
8608 16
8609 16
8610 16
8611 16
8612 16
8613 16
8614 16
8615 17
8616 16
8617 16
8618 16
8619 17
8620 16
8621 17
8622 17
8623 17
8624 16
8625 17
8626 16
8627 16
8628 17
8629 17
8630 17
8631 17
8632 16
8633 17
8634 17
8635 17
8636 17
8637 17
8638 17
8639 17
8640 15
8641 16
8642 16
8643 16
8644 16
8645 16
8646 16
8647 17
8648 16
8649 16
8650 16
8651 17
8652 16
8653 17
8654 17
8655 16
8656 16
8657 17
8658 16
8659 17
8660 16
8661 17
8662 17
8663 17
8664 16
8665 16
8666 17
8667 16
8668 17
8669 17
8670 16
8671 17
8672 16
8673 17
8674 17
8675 17
8676 16
8677 17
8678 16
8679 17
8680 16
8681 17
8682 17
8683 17
8684 17
8685 16
8686 17
8687 17
8688 16
8689 17
8690 16
8691 17
8692 17
8693 17
8694 16
8695 17
8696 17
8697 17
8698 17
8699 17
8700 16
8701 17
8702 17
8703 17
8704 14
8705 15
8706 15
8707 16
8708 15
8709 16
8710 16
8711 16
8712 15
8713 15
8714 16
8715 16
8716 16
8717 16
8718 16
8719 16
8720 15
8721 15
8722 15
8723 16
8724 16
8725 16
8726 16
8727 17
8728 16
8729 16
8730 16
8731 16
8732 16
8733 17
8734 16
8735 17
8736 15
8737 16
8738 15
8739 16
8740 15
8741 16
8742 16
8743 17
8744 16
8745 16
8746 16
8747 16
8748 16
8749 16
8750 17
8751 17
8752 16
8753 16
8754 16
8755 16
8756 16
8757 16
8758 16
8759 17
8760 16
8761 17
8762 17
8763 17
8764 16
8765 17
8766 17
8767 17
8768 15
8769 16
8770 16
8771 17
8772 15
8773 16
8774 16
8775 16
8776 15
8777 16
8778 16
8779 17
8780 16
8781 16
8782 17
8783 17
8784 16
8785 16
8786 16
8787 17
8788 16
8789 16
8790 16
8791 17
8792 16
8793 16
8794 16
8795 17
8796 17
8797 17
8798 17
8799 17
8800 16
8801 17
8802 16
8803 17
8804 16
8805 17
8806 16
8807 17
8808 16
8809 17
8810 16
8811 17
8812 16
8813 17
8814 17
8815 17
8816 16
8817 17
8818 17
8819 17
8820 16
8821 17
8822 17
8823 17
8824 16
8825 17
8826 17
8827 17
8828 17
8829 17
8830 17
8831 17
8832 15
8833 16
8834 16
8835 16
8836 16
8837 16
8838 16
8839 17
8840 15
8841 16
8842 16
8843 17
8844 16
8845 16
8846 16
8847 16
8848 15
8849 16
8850 16
8851 17
8852 16
8853 17
8854 17
8855 16
8856 16
8857 16
8858 16
8859 16
8860 16
8861 17
8862 16
8863 17
8864 16
8865 16
8866 16
8867 16
8868 16
8869 16
8870 17
8871 16
8872 16
8873 16
8874 16
8875 16
8876 16
8877 17
8878 16
8879 17
8880 16
8881 16
8882 16
8883 17
8884 16
8885 17
8886 16
8887 17
8888 16
8889 17
8890 17
8891 17
8892 16
8893 17
8894 17
8895 17
8896 16
8897 16
8898 16
8899 17
8900 16
8901 16
8902 16
8903 17
8904 16
8905 16
8906 16
8907 17
8908 16
8909 17
8910 16
8911 17
8912 16
8913 16
8914 16
8915 17
8916 16
8917 17
8918 16
8919 17
8920 16
8921 17
8922 17
8923 17
8924 16
8925 17
8926 17
8927 17
8928 16
8929 17
8930 17
8931 17
8932 17
8933 17
8934 17
8935 17
8936 16
8937 17
8938 17
8939 17
8940 16
8941 17
8942 17
8943 17
8944 16
8945 17
8946 17
8947 17
8948 17
8949 17
8950 17
8951 17
8952 16
8953 17
8954 17
8955 17
8956 17
8957 17
8958 17
8959 17
8960 15
8961 16
8962 16
8963 16
8964 16
8965 16
8966 16
8967 16
8968 16
8969 16
8970 16
8971 17
8972 16
8973 16
8974 16
8975 16
8976 15
8977 16
8978 16
8979 16
8980 16
8981 16
8982 16
8983 17
8984 16
8985 16
8986 16
8987 16
8988 16
8989 17
8990 16
8991 17
8992 15
8993 16
8994 16
8995 16
8996 16
8997 16
8998 16
8999 17
9000 16
9001 16
9002 16
9003 17
9004 16
9005 16
9006 17
9007 17
9008 16
9009 16
9010 16
9011 17
9012 16
9013 17
9014 16
9015 17
9016 16
9017 17
9018 17
9019 17
9020 16
9021 17
9022 17
9023 17
9024 16
9025 16
9026 16
9027 17
9028 16
9029 17
9030 16
9031 17
9032 16
9033 17
9034 16
9035 17
9036 16
9037 17
9038 17
9039 17
9040 16
9041 17
9042 16
9043 17
9044 16
9045 17
9046 17
9047 17
9048 16
9049 17
9050 16
9051 17
9052 17
9053 17
9054 17
9055 17
9056 16
9057 17
9058 16
9059 17
9060 16
9061 17
9062 17
9063 17
9064 16
9065 17
9066 17
9067 17
9068 16
9069 17
9070 17
9071 17
9072 16
9073 17
9074 17
9075 17
9076 17
9077 17
9078 17
9079 17
9080 16
9081 17
9082 17
9083 17
9084 17
9085 17
9086 17
9087 17
9088 16
9089 17
9090 17
9091 17
9092 16
9093 17
9094 17
9095 17
9096 16
9097 17
9098 17
9099 17
9100 16
9101 17
9102 17
9103 17
9104 16
9105 17
9106 17
9107 17
9108 16
9109 17
9110 17
9111 17
9112 16
9113 17
9114 17
9115 17
9116 17
9117 17
9118 17
9119 17
9120 16
9121 17
9122 17
9123 17
9124 16
9125 17
9126 17
9127 17
9128 16
9129 16
9130 17
9131 17
9132 17
9133 17
9134 17
9135 17
9136 16
9137 16
9138 17
9139 17
9140 16
9141 16
9142 17
9143 17
9144 16
9145 17
9146 17
9147 17
9148 17
9149 17
9150 17
9151 17
9152 16
9153 17
9154 17
9155 17
9156 17
9157 17
9158 17
9159 17
9160 16
9161 17
9162 17
9163 17
9164 17
9165 17
9166 17
9167 17
9168 16
9169 17
9170 17
9171 17
9172 17
9173 17
9174 17
9175 17
9176 16
9177 17
9178 17
9179 17
9180 16
9181 17
9182 17
9183 17
9184 16
9185 17
9186 17
9187 17
9188 17
9189 17
9190 17
9191 17
9192 17
9193 17
9194 17
9195 17
9196 17
9197 17
9198 17
9199 17
9200 16
9201 17
9202 17
9203 17
9204 17
9205 17
9206 17
9207 17
9208 17
9209 17
9210 17
9211 17
9212 17
9213 17
9214 17
9215 17
9216 14
9217 15
9218 15
9219 15
9220 15
9221 15
9222 15
9223 16
9224 15
9225 15
9226 15
9227 16
9228 15
9229 16
9230 16
9231 16
9232 15
9233 16
9234 15
9235 16
9236 15
9237 16
9238 16
9239 16
9240 15
9241 16
9242 16
9243 16
9244 16
9245 16
9246 16
9247 17
9248 15
9249 16
9250 16
9251 16
9252 15
9253 16
9254 16
9255 16
9256 15
9257 16
9258 16
9259 17
9260 16
9261 16
9262 16
9263 17
9264 15
9265 16
9266 16
9267 16
9268 16
9269 17
9270 16
9271 17
9272 16
9273 16
9274 16
9275 17
9276 16
9277 17
9278 17
9279 17
9280 15
9281 16
9282 16
9283 16
9284 16
9285 16
9286 16
9287 17
9288 15
9289 16
9290 16
9291 16
9292 16
9293 16
9294 16
9295 17
9296 15
9297 16
9298 16
9299 17
9300 16
9301 16
9302 17
9303 17
9304 16
9305 16
9306 16
9307 17
9308 16
9309 17
9310 17
9311 17
9312 15
9313 16
9314 16
9315 16
9316 16
9317 17
9318 16
9319 17
9320 16
9321 16
9322 17
9323 17
9324 16
9325 17
9326 17
9327 17
9328 16
9329 16
9330 16
9331 17
9332 16
9333 17
9334 17
9335 17
9336 16
9337 17
9338 17
9339 17
9340 17
9341 17
9342 17
9343 17
9344 15
9345 16
9346 16
9347 16
9348 16
9349 16
9350 16
9351 17
9352 16
9353 16
9354 16
9355 17
9356 16
9357 16
9358 17
9359 17
9360 15
9361 16
9362 16
9363 16
9364 16
9365 16
9366 16
9367 17
9368 16
9369 16
9370 16
9371 17
9372 16
9373 17
9374 17
9375 17
9376 15
9377 16
9378 16
9379 17
9380 16
9381 16
9382 17
9383 17
9384 16
9385 16
9386 16
9387 17
9388 17
9389 17
9390 17
9391 17
9392 16
9393 16
9394 16
9395 17
9396 16
9397 17
9398 17
9399 17
9400 16
9401 16
9402 17
9403 17
9404 17
9405 17
9406 17
9407 17
9408 15
9409 16
9410 16
9411 16
9412 16
9413 17
9414 16
9415 17
9416 16
9417 16
9418 16
9419 17
9420 16
9421 17
9422 17
9423 17
9424 16
9425 16
9426 16
9427 17
9428 17
9429 17
9430 17
9431 17
9432 16
9433 16
9434 16
9435 17
9436 17
9437 17
9438 17
9439 17
9440 16
9441 16
9442 16
9443 17
9444 16
9445 17
9446 17
9447 17
9448 16
9449 17
9450 17
9451 17
9452 17
9453 17
9454 17
9455 17
9456 16
9457 16
9458 16
9459 16
9460 17
9461 17
9462 17
9463 17
9464 17
9465 17
9466 17
9467 17
9468 17
9469 17
9470 17
9471 17
9472 15
9473 16
9474 16
9475 16
9476 16
9477 16
9478 16
9479 17
9480 16
9481 16
9482 16
9483 16
9484 16
9485 16
9486 16
9487 17
9488 16
9489 16
9490 16
9491 16
9492 16
9493 16
9494 17
9495 16
9496 16
9497 16
9498 16
9499 17
9500 16
9501 17
9502 17
9503 17
9504 15
9505 16
9506 16
9507 16
9508 16
9509 16
9510 16
9511 17
9512 16
9513 16
9514 16
9515 17
9516 16
9517 17
9518 16
9519 17
9520 16
9521 16
9522 16
9523 17
9524 16
9525 16
9526 17
9527 17
9528 16
9529 17
9530 17
9531 17
9532 17
9533 17
9534 17
9535 17
9536 15
9537 16
9538 16
9539 16
9540 16
9541 16
9542 17
9543 17
9544 16
9545 16
9546 16
9547 17
9548 16
9549 17
9550 17
9551 17
9552 16
9553 16
9554 16
9555 16
9556 16
9557 17
9558 16
9559 17
9560 17
9561 17
9562 17
9563 17
9564 16
9565 17
9566 17
9567 17
9568 16
9569 16
9570 16
9571 17
9572 16
9573 17
9574 17
9575 17
9576 16
9577 17
9578 17
9579 17
9580 17
9581 17
9582 17
9583 17
9584 16
9585 17
9586 17
9587 17
9588 16
9589 16
9590 17
9591 17
9592 17
9593 17
9594 17
9595 17
9596 17
9597 17
9598 17
9599 17
9600 15
9601 16
9602 16
9603 16
9604 16
9605 16
9606 16
9607 17
9608 16
9609 16
9610 16
9611 17
9612 16
9613 16
9614 17
9615 16
9616 16
9617 16
9618 16
9619 16
9620 16
9621 17
9622 17
9623 17
9624 16
9625 16
9626 16
9627 16
9628 17
9629 17
9630 16
9631 17
9632 16
9633 16
9634 16
9635 17
9636 16
9637 17
9638 17
9639 16
9640 16
9641 17
9642 17
9643 17
9644 17
9645 16
9646 17
9647 17
9648 16
9649 17
9650 16
9651 16
9652 16
9653 17
9654 16
9655 17
9656 16
9657 16
9658 17
9659 17
9660 16
9661 17
9662 17
9663 17
9664 16
9665 17
9666 16
9667 17
9668 16
9669 16
9670 17
9671 17
9672 16
9673 17
9674 16
9675 16
9676 17
9677 17
9678 16
9679 17
9680 16
9681 17
9682 17
9683 17
9684 17
9685 16
9686 17
9687 17
9688 17
9689 17
9690 16
9691 17
9692 17
9693 17
9694 17
9695 17
9696 16
9697 17
9698 17
9699 16
9700 16
9701 17
9702 16
9703 17
9704 16
9705 17
9706 17
9707 17
9708 16
9709 17
9710 17
9711 17
9712 17
9713 17
9714 17
9715 17
9716 17
9717 17
9718 17
9719 17
9720 16
9721 17
9722 17
9723 17
9724 17
9725 17
9726 17
9727 17
9728 15
9729 16
9730 16
9731 16
9732 16
9733 16
9734 16
9735 16
9736 16
9737 16
9738 16
9739 16
9740 16
9741 16
9742 16
9743 16
9744 16
9745 16
9746 16
9747 16
9748 16
9749 16
9750 16
9751 17
9752 16
9753 16
9754 16
9755 17
9756 16
9757 17
9758 16
9759 17
9760 16
9761 17
9762 16
9763 17
9764 16
9765 17
9766 16
9767 17
9768 16
9769 17
9770 16
9771 17
9772 16
9773 17
9774 17
9775 17
9776 16
9777 17
9778 16
9779 17
9780 16
9781 17
9782 17
9783 17
9784 16
9785 17
9786 17
9787 17
9788 16
9789 17
9790 17
9791 17
9792 15
9793 16
9794 16
9795 16
9796 16
9797 16
9798 16
9799 17
9800 16
9801 16
9802 16
9803 17
9804 16
9805 17
9806 17
9807 17
9808 16
9809 16
9810 16
9811 17
9812 16
9813 17
9814 17
9815 17
9816 16
9817 17
9818 17
9819 16
9820 17
9821 17
9822 17
9823 17
9824 16
9825 17
9826 16
9827 17
9828 16
9829 17
9830 17
9831 17
9832 16
9833 17
9834 16
9835 17
9836 17
9837 16
9838 17
9839 17
9840 16
9841 17
9842 17
9843 16
9844 16
9845 17
9846 16
9847 17
9848 16
9849 17
9850 17
9851 17
9852 17
9853 17
9854 17
9855 17
9856 15
9857 16
9858 16
9859 17
9860 16
9861 16
9862 17
9863 17
9864 16
9865 16
9866 16
9867 17
9868 16
9869 17
9870 17
9871 17
9872 16
9873 16
9874 16
9875 17
9876 16
9877 16
9878 17
9879 17
9880 16
9881 17
9882 16
9883 17
9884 17
9885 17
9886 17
9887 17
9888 16
9889 17
9890 16
9891 17
9892 16
9893 17
9894 16
9895 17
9896 16
9897 16
9898 17
9899 16
9900 16
9901 17
9902 17
9903 17
9904 16
9905 17
9906 17
9907 17
9908 17
9909 17
9910 17
9911 17
9912 16
9913 17
9914 17
9915 17
9916 17
9917 17
9918 17
9919 17
9920 16
9921 17
9922 17
9923 17
9924 16
9925 17
9926 17
9927 17
9928 16
9929 17
9930 17
9931 17
9932 17
9933 16
9934 17
9935 17
9936 16
9937 17
9938 16
9939 17
9940 17
9941 17
9942 16
9943 17
9944 17
9945 16
9946 17
9947 17
9948 17
9949 17
9950 17
9951 17
9952 16
9953 17
9954 16
9955 17
9956 17
9957 17
9958 17
9959 17
9960 16
9961 17
9962 16
9963 17
9964 17
9965 17
9966 17
9967 17
9968 16
9969 17
9970 17
9971 17
9972 16
9973 17
9974 17
9975 17
9976 17
9977 17
9978 17
9979 17
9980 17
9981 17
9982 17
9983 17
9984 15
9985 16
9986 16
9987 16
9988 16
9989 16
9990 16
9991 16
9992 16
9993 16
9994 16
9995 17
9996 16
9997 16
9998 16
9999 16
10000 16
10001 16








